0       0       5     -8.750000    -12.250000      0.700000      0.980000
1       0       0     -8.750000    -17.150000      0.700000      0.980000
2       0       4     -8.750000    -13.230000      0.700000      0.980000
3       0       1     -8.750000    -16.170000      0.700000      0.980000
4       0       3     -8.750000    -14.210000      0.700000      0.980000
5       0       2     -8.750000    -15.190001      0.700000      0.980000
6       0       5     -9.450000    -12.250000      0.700000      0.980000
7       0       0     -9.450000    -17.150000      0.700000      0.980000
8       0       4     -9.450000    -13.230000      0.700000      0.980000
9       0       1     -9.450000    -16.170000      0.700000      0.980000
10      0       3     -9.450000    -14.210000      0.700000      0.980000
11      0       2     -9.450000    -15.190001      0.700000      0.980000
12      0       5     -10.150000   -12.250000      0.700000      0.980000
13      0       0     -10.150000   -17.150000      0.700000      0.980000
14      0       4     -10.150000   -13.230000      0.700000      0.980000
15      0       1     -10.150000   -16.170000      0.700000      0.980000
16      0       3     -10.150000   -14.210000      0.700000      0.980000
17      0       2     -10.150000   -15.190001      0.700000      0.980000
18      0       5     -10.849999   -12.250000      0.700000      0.980000
19      0       0     -10.849999   -17.150000      0.700000      0.980000
20      0       4     -10.849999   -13.230000      0.700000      0.980000
21      0       1     -10.849999   -16.170000      0.700000      0.980000
22      0       3     -10.849999   -14.210000      0.700000      0.980000
23      0       2     -10.849999   -15.190001      0.700000      0.980000
24      0       5     -11.550000   -12.250000      0.700000      0.980000
25      0       0     -11.550000   -17.150000      0.700000      0.980000
26      0       4     -11.550000   -13.230000      0.700000      0.980000
27      0       1     -11.550000   -16.170000      0.700000      0.980000
28      0       3     -11.550000   -14.210000      0.700000      0.980000
29      0       2     -11.550000   -15.190001      0.700000      0.980000
30      0       5     -12.250000   -12.250000      0.700000      0.980000
31      0       0     -12.250000   -17.150000      0.700000      0.980000
32      0       4     -12.250000   -13.230000      0.700000      0.980000
33      0       1     -12.250000   -16.170000      0.700000      0.980000
34      0       3     -12.250000   -14.210000      0.700000      0.980000
35      0       2     -12.250000   -15.190001      0.700000      0.980000
36      0       5     -12.950000   -12.250000      0.700000      0.980000
37      0       0     -12.950000   -17.150000      0.700000      0.980000
38      0       4     -12.950000   -13.230000      0.700000      0.980000
39      0       1     -12.950000   -16.170000      0.700000      0.980000
40      0       3     -12.950000   -14.210000      0.700000      0.980000
41      0       2     -12.950000   -15.190001      0.700000      0.980000
42      0       5     -13.650000   -12.250000      0.700000      0.980000
43      0       0     -13.650000   -17.150000      0.700000      0.980000
44      0       4     -13.650000   -13.230000      0.700000      0.980000
45      0       1     -13.650000   -16.170000      0.700000      0.980000
46      0       3     -13.650000   -14.210000      0.700000      0.980000
47      0       2     -13.650000   -15.190001      0.700000      0.980000
48      0       5     -14.349999   -12.250000      0.700000      0.980000
49      0       0     -14.349999   -17.150000      0.700000      0.980000
50      0       4     -14.349999   -13.230000      0.700000      0.980000
51      0       1     -14.349999   -16.170000      0.700000      0.980000
52      0       3     -14.349999   -14.210000      0.700000      0.980000
53      0       2     -14.349999   -15.190001      0.700000      0.980000
54      0       5     -15.050000   -12.250000      0.700000      0.980000
55      0       0     -15.050000   -17.150000      0.700000      0.980000
56      0       4     -15.050000   -13.230000      0.700000      0.980000
57      0       1     -15.050000   -16.170000      0.700000      0.980000
58      0       3     -15.050000   -14.210000      0.700000      0.980000
59      0       2     -15.050000   -15.190001      0.700000      0.980000
60      0       5     -15.750000   -12.250000      0.700000      0.980000
61      0       0     -15.750000   -17.150000      0.700000      0.980000
62      0       4     -15.750000   -13.230000      0.700000      0.980000
63      0       1     -15.750000   -16.170000      0.700000      0.980000
64      0       3     -15.750000   -14.210000      0.700000      0.980000
65      0       2     -15.750000   -15.190001      0.700000      0.980000
66      0       5     -16.449999   -12.250000      0.700000      0.980000
67      0       0     -16.449999   -17.150000      0.700000      0.980000
68      0       4     -16.449999   -13.230000      0.700000      0.980000
69      0       1     -16.449999   -16.170000      0.700000      0.980000
70      0       3     -16.449999   -14.210000      0.700000      0.980000
71      0       2     -16.449999   -15.190001      0.700000      0.980000
72      0       5     -0.350000    -12.250000      0.700000      0.980000
73      0       0     -0.350000    -17.150000      0.700000      0.980000
74      0       4     -0.350000    -13.230000      0.700000      0.980000
75      0       1     -0.350000    -16.170000      0.700000      0.980000
76      0       3     -0.350000    -14.210000      0.700000      0.980000
77      0       2     -0.350000    -15.190001      0.700000      0.980000
78      0       5     -1.050000    -12.250000      0.700000      0.980000
79      0       0     -1.050000    -17.150000      0.700000      0.980000
80      0       4     -1.050000    -13.230000      0.700000      0.980000
81      0       1     -1.050000    -16.170000      0.700000      0.980000
82      0       3     -1.050000    -14.210000      0.700000      0.980000
83      0       2     -1.050000    -15.190001      0.700000      0.980000
84      0       5     -1.750000    -12.250000      0.700000      0.980000
85      0       0     -1.750000    -17.150000      0.700000      0.980000
86      0       4     -1.750000    -13.230000      0.700000      0.980000
87      0       1     -1.750000    -16.170000      0.700000      0.980000
88      0       3     -1.750000    -14.210000      0.700000      0.980000
89      0       2     -1.750000    -15.190001      0.700000      0.980000
90      0       5     -2.450000    -12.250000      0.700000      0.980000
91      0       0     -2.450000    -17.150000      0.700000      0.980000
92      0       4     -2.450000    -13.230000      0.700000      0.980000
93      0       1     -2.450000    -16.170000      0.700000      0.980000
94      0       3     -2.450000    -14.210000      0.700000      0.980000
95      0       2     -2.450000    -15.190001      0.700000      0.980000
96      0       5     -3.150000    -12.250000      0.700000      0.980000
97      0       0     -3.150000    -17.150000      0.700000      0.980000
98      0       4     -3.150000    -13.230000      0.700000      0.980000
99      0       1     -3.150000    -16.170000      0.700000      0.980000
100 0 3 -3.150000 -14.210000 0.700000 0.980000
101 0 2 -3.150000 -15.190001 0.700000 0.980000
102 0 5 -3.850000 -12.250000 0.700000 0.980000
103 0 0 -3.850000 -17.150000 0.700000 0.980000
104 0 4 -3.850000 -13.230000 0.700000 0.980000
105 0 1 -3.850000 -16.170000 0.700000 0.980000
106 0 3 -3.850000 -14.210000 0.700000 0.980000
107 0 2 -3.850000 -15.190001 0.700000 0.980000
108 0 5 -4.550000 -12.250000 0.700000 0.980000
109 0 0 -4.550000 -17.150000 0.700000 0.980000
110 0 4 -4.550000 -13.230000 0.700000 0.980000
111 0 1 -4.550000 -16.170000 0.700000 0.980000
112 0 3 -4.550000 -14.210000 0.700000 0.980000
113 0 2 -4.550000 -15.190001 0.700000 0.980000
114 0 5 -5.250000 -12.250000 0.700000 0.980000
115 0 0 -5.250000 -17.150000 0.700000 0.980000
116 0 4 -5.250000 -13.230000 0.700000 0.980000
117 0 1 -5.250000 -16.170000 0.700000 0.980000
118 0 3 -5.250000 -14.210000 0.700000 0.980000
119 0 2 -5.250000 -15.190001 0.700000 0.980000
120 0 5 -5.950000 -12.250000 0.700000 0.980000
121 0 0 -5.950000 -17.150000 0.700000 0.980000
122 0 4 -5.950000 -13.230000 0.700000 0.980000
123 0 1 -5.950000 -16.170000 0.700000 0.980000
124 0 3 -5.950000 -14.210000 0.700000 0.980000
125 0 2 -5.950000 -15.190001 0.700000 0.980000
126 0 5 -6.650000 -12.250000 0.700000 0.980000
127 0 0 -6.650000 -17.150000 0.700000 0.980000
128 0 4 -6.650000 -13.230000 0.700000 0.980000
129 0 1 -6.650000 -16.170000 0.700000 0.980000
130 0 3 -6.650000 -14.210000 0.700000 0.980000
131 0 2 -6.650000 -15.190001 0.700000 0.980000
132 0 5 -7.350000 -12.250000 0.700000 0.980000
133 0 0 -7.350000 -17.150000 0.700000 0.980000
134 0 4 -7.350000 -13.230000 0.700000 0.980000
135 0 1 -7.350000 -16.170000 0.700000 0.980000
136 0 3 -7.350000 -14.210000 0.700000 0.980000
137 0 2 -7.350000 -15.190001 0.700000 0.980000
138 0 5 -8.050000 -12.250000 0.700000 0.980000
139 0 0 -8.050000 -17.150000 0.700000 0.980000
140 0 4 -8.050000 -13.230000 0.700000 0.980000
141 0 1 -8.050000 -16.170000 0.700000 0.980000
142 0 3 -8.050000 -14.210000 0.700000 0.980000
143 0 2 -8.050000 -15.190001 0.700000 0.980000
144 0 3 8.050000 -14.210000 0.700000 0.980000
145 0 2 8.050000 -15.190001 0.700000 0.980000
146 0 4 8.050000 -13.230000 0.700000 0.980000
147 0 1 8.050000 -16.170000 0.700000 0.980000
148 0 5 8.050000 -12.250000 0.700000 0.980000
149 0 0 8.050000 -17.150000 0.700000 0.980000
150 0 3 7.350000 -14.210000 0.700000 0.980000
151 0 2 7.350000 -15.190001 0.700000 0.980000
152 0 4 7.350000 -13.230000 0.700000 0.980000
153 0 1 7.350000 -16.170000 0.700000 0.980000
154 0 5 7.350000 -12.250000 0.700000 0.980000
155 0 0 7.350000 -17.150000 0.700000 0.980000
156 0 3 6.650000 -14.210000 0.700000 0.980000
157 0 2 6.650000 -15.190001 0.700000 0.980000
158 0 4 6.650000 -13.230000 0.700000 0.980000
159 0 1 6.650000 -16.170000 0.700000 0.980000
160 0 5 6.650000 -12.250000 0.700000 0.980000
161 0 0 6.650000 -17.150000 0.700000 0.980000
162 0 3 5.950000 -14.210000 0.700000 0.980000
163 0 2 5.950000 -15.190001 0.700000 0.980000
164 0 4 5.950000 -13.230000 0.700000 0.980000
165 0 1 5.950000 -16.170000 0.700000 0.980000
166 0 5 5.950000 -12.250000 0.700000 0.980000
167 0 0 5.950000 -17.150000 0.700000 0.980000
168 0 3 5.250000 -14.210000 0.700000 0.980000
169 0 2 5.250000 -15.190001 0.700000 0.980000
170 0 4 5.250000 -13.230000 0.700000 0.980000
171 0 1 5.250000 -16.170000 0.700000 0.980000
172 0 5 5.250000 -12.250000 0.700000 0.980000
173 0 0 5.250000 -17.150000 0.700000 0.980000
174 0 3 4.550000 -14.210000 0.700000 0.980000
175 0 2 4.550000 -15.190001 0.700000 0.980000
176 0 4 4.550000 -13.230000 0.700000 0.980000
177 0 1 4.550000 -16.170000 0.700000 0.980000
178 0 5 4.550000 -12.250000 0.700000 0.980000
179 0 0 4.550000 -17.150000 0.700000 0.980000
180 0 3 3.850000 -14.210000 0.700000 0.980000
181 0 2 3.850000 -15.190001 0.700000 0.980000
182 0 4 3.850000 -13.230000 0.700000 0.980000
183 0 1 3.850000 -16.170000 0.700000 0.980000
184 0 5 3.850000 -12.250000 0.700000 0.980000
185 0 0 3.850000 -17.150000 0.700000 0.980000
186 0 3 3.150000 -14.210000 0.700000 0.980000
187 0 2 3.150000 -15.190001 0.700000 0.980000
188 0 4 3.150000 -13.230000 0.700000 0.980000
189 0 1 3.150000 -16.170000 0.700000 0.980000
190 0 5 3.150000 -12.250000 0.700000 0.980000
191 0 0 3.150000 -17.150000 0.700000 0.980000
192 0 3 2.450000 -14.210000 0.700000 0.980000
193 0 2 2.450000 -15.190001 0.700000 0.980000
194 0 4 2.450000 -13.230000 0.700000 0.980000
195 0 1 2.450000 -16.170000 0.700000 0.980000
196 0 5 2.450000 -12.250000 0.700000 0.980000
197 0 0 2.450000 -17.150000 0.700000 0.980000
198 0 3 1.750000 -14.210000 0.700000 0.980000
199 0 2 1.750000 -15.190001 0.700000 0.980000
200 0 4 1.750000 -13.230000 0.700000 0.980000
201 0 1 1.750000 -16.170000 0.700000 0.980000
202 0 5 1.750000 -12.250000 0.700000 0.980000
203 0 0 1.750000 -17.150000 0.700000 0.980000
204 0 3 1.050000 -14.210000 0.700000 0.980000
205 0 2 1.050000 -15.190001 0.700000 0.980000
206 0 4 1.050000 -13.230000 0.700000 0.980000
207 0 1 1.050000 -16.170000 0.700000 0.980000
208 0 5 1.050000 -12.250000 0.700000 0.980000
209 0 0 1.050000 -17.150000 0.700000 0.980000
210 0 3 0.350000 -14.210000 0.700000 0.980000
211 0 2 0.350000 -15.190001 0.700000 0.980000
212 0 4 0.350000 -13.230000 0.700000 0.980000
213 0 1 0.350000 -16.170000 0.700000 0.980000
214 0 5 0.350000 -12.250000 0.700000 0.980000
215 0 0 0.350000 -17.150000 0.700000 0.980000
216 0 3 16.449999 -14.210000 0.700000 0.980000
217 0 2 16.449999 -15.190001 0.700000 0.980000
218 0 4 16.449999 -13.230000 0.700000 0.980000
219 0 1 16.449999 -16.170000 0.700000 0.980000
220 0 5 16.449999 -12.250000 0.700000 0.980000
221 0 0 16.449999 -17.150000 0.700000 0.980000
222 0 3 15.750000 -14.210000 0.700000 0.980000
223 0 2 15.750000 -15.190001 0.700000 0.980000
224 0 4 15.750000 -13.230000 0.700000 0.980000
225 0 1 15.750000 -16.170000 0.700000 0.980000
226 0 5 15.750000 -12.250000 0.700000 0.980000
227 0 0 15.750000 -17.150000 0.700000 0.980000
228 0 3 15.050000 -14.210000 0.700000 0.980000
229 0 2 15.050000 -15.190001 0.700000 0.980000
230 0 4 15.050000 -13.230000 0.700000 0.980000
231 0 1 15.050000 -16.170000 0.700000 0.980000
232 0 5 15.050000 -12.250000 0.700000 0.980000
233 0 0 15.050000 -17.150000 0.700000 0.980000
234 0 3 14.349999 -14.210000 0.700000 0.980000
235 0 2 14.349999 -15.190001 0.700000 0.980000
236 0 4 14.349999 -13.230000 0.700000 0.980000
237 0 1 14.349999 -16.170000 0.700000 0.980000
238 0 5 14.349999 -12.250000 0.700000 0.980000
239 0 0 14.349999 -17.150000 0.700000 0.980000
240 0 3 13.650000 -14.210000 0.700000 0.980000
241 0 2 13.650000 -15.190001 0.700000 0.980000
242 0 4 13.650000 -13.230000 0.700000 0.980000
243 0 1 13.650000 -16.170000 0.700000 0.980000
244 0 5 13.650000 -12.250000 0.700000 0.980000
245 0 0 13.650000 -17.150000 0.700000 0.980000
246 0 3 12.950000 -14.210000 0.700000 0.980000
247 0 2 12.950000 -15.190001 0.700000 0.980000
248 0 4 12.950000 -13.230000 0.700000 0.980000
249 0 1 12.950000 -16.170000 0.700000 0.980000
250 0 5 12.950000 -12.250000 0.700000 0.980000
251 0 0 12.950000 -17.150000 0.700000 0.980000
252 0 3 12.250000 -14.210000 0.700000 0.980000
253 0 2 12.250000 -15.190001 0.700000 0.980000
254 0 4 12.250000 -13.230000 0.700000 0.980000
255 0 1 12.250000 -16.170000 0.700000 0.980000
256 0 5 12.250000 -12.250000 0.700000 0.980000
257 0 0 12.250000 -17.150000 0.700000 0.980000
258 0 3 11.550000 -14.210000 0.700000 0.980000
259 0 2 11.550000 -15.190001 0.700000 0.980000
260 0 4 11.550000 -13.230000 0.700000 0.980000
261 0 1 11.550000 -16.170000 0.700000 0.980000
262 0 5 11.550000 -12.250000 0.700000 0.980000
263 0 0 11.550000 -17.150000 0.700000 0.980000
264 0 3 10.849999 -14.210000 0.700000 0.980000
265 0 2 10.849999 -15.190001 0.700000 0.980000
266 0 4 10.849999 -13.230000 0.700000 0.980000
267 0 1 10.849999 -16.170000 0.700000 0.980000
268 0 5 10.849999 -12.250000 0.700000 0.980000
269 0 0 10.849999 -17.150000 0.700000 0.980000
270 0 3 10.150000 -14.210000 0.700000 0.980000
271 0 2 10.150000 -15.190001 0.700000 0.980000
272 0 4 10.150000 -13.230000 0.700000 0.980000
273 0 1 10.150000 -16.170000 0.700000 0.980000
274 0 5 10.150000 -12.250000 0.700000 0.980000
275 0 0 10.150000 -17.150000 0.700000 0.980000
276 0 3 9.450000 -14.210000 0.700000 0.980000
277 0 2 9.450000 -15.190001 0.700000 0.980000
278 0 4 9.450000 -13.230000 0.700000 0.980000
279 0 1 9.450000 -16.170000 0.700000 0.980000
280 0 5 9.450000 -12.250000 0.700000 0.980000
281 0 0 9.450000 -17.150000 0.700000 0.980000
282 0 3 8.750000 -14.210000 0.700000 0.980000
283 0 2 8.750000 -15.190001 0.700000 0.980000
284 0 4 8.750000 -13.230000 0.700000 0.980000
285 0 1 8.750000 -16.170000 0.700000 0.980000
286 0 5 8.750000 -12.250000 0.700000 0.980000
287 0 0 8.750000 -17.150000 0.700000 0.980000
288 0 11 -8.750000 -6.370000 0.700000 0.980000
289 0 6 -8.750000 -11.270000 0.700000 0.980000
290 0 10 -8.750000 -7.350000 0.700000 0.980000
291 0 7 -8.750000 -10.290000 0.700000 0.980000
292 0 9 -8.750000 -8.330000 0.700000 0.980000
293 0 8 -8.750000 -9.310000 0.700000 0.980000
294 0 11 -9.450000 -6.370000 0.700000 0.980000
295 0 6 -9.450000 -11.270000 0.700000 0.980000
296 0 10 -9.450000 -7.350000 0.700000 0.980000
297 0 7 -9.450000 -10.290000 0.700000 0.980000
298 0 9 -9.450000 -8.330000 0.700000 0.980000
299 0 8 -9.450000 -9.310000 0.700000 0.980000
300 0 11 -10.150000 -6.370000 0.700000 0.980000
301 0 6 -10.150000 -11.270000 0.700000 0.980000
302 0 10 -10.150000 -7.350000 0.700000 0.980000
303 0 7 -10.150000 -10.290000 0.700000 0.980000
304 0 9 -10.150000 -8.330000 0.700000 0.980000
305 0 8 -10.150000 -9.310000 0.700000 0.980000
306 0 11 -10.849999 -6.370000 0.700000 0.980000
307 0 6 -10.849999 -11.270000 0.700000 0.980000
308 0 10 -10.849999 -7.350000 0.700000 0.980000
309 0 7 -10.849999 -10.290000 0.700000 0.980000
310 0 9 -10.849999 -8.330000 0.700000 0.980000
311 0 8 -10.849999 -9.310000 0.700000 0.980000
312 0 11 -11.550000 -6.370000 0.700000 0.980000
313 0 6 -11.550000 -11.270000 0.700000 0.980000
314 0 10 -11.550000 -7.350000 0.700000 0.980000
315 0 7 -11.550000 -10.290000 0.700000 0.980000
316 0 9 -11.550000 -8.330000 0.700000 0.980000
317 0 8 -11.550000 -9.310000 0.700000 0.980000
318 0 11 -12.250000 -6.370000 0.700000 0.980000
319 0 6 -12.250000 -11.270000 0.700000 0.980000
320 0 10 -12.250000 -7.350000 0.700000 0.980000
321 0 7 -12.250000 -10.290000 0.700000 0.980000
322 0 9 -12.250000 -8.330000 0.700000 0.980000
323 0 8 -12.250000 -9.310000 0.700000 0.980000
324 0 11 -12.950000 -6.370000 0.700000 0.980000
325 0 6 -12.950000 -11.270000 0.700000 0.980000
326 0 10 -12.950000 -7.350000 0.700000 0.980000
327 0 7 -12.950000 -10.290000 0.700000 0.980000
328 0 9 -12.950000 -8.330000 0.700000 0.980000
329 0 8 -12.950000 -9.310000 0.700000 0.980000
330 0 11 -13.650000 -6.370000 0.700000 0.980000
331 0 6 -13.650000 -11.270000 0.700000 0.980000
332 0 10 -13.650000 -7.350000 0.700000 0.980000
333 0 7 -13.650000 -10.290000 0.700000 0.980000
334 0 9 -13.650000 -8.330000 0.700000 0.980000
335 0 8 -13.650000 -9.310000 0.700000 0.980000
336 0 11 -14.349999 -6.370000 0.700000 0.980000
337 0 6 -14.349999 -11.270000 0.700000 0.980000
338 0 10 -14.349999 -7.350000 0.700000 0.980000
339 0 7 -14.349999 -10.290000 0.700000 0.980000
340 0 9 -14.349999 -8.330000 0.700000 0.980000
341 0 8 -14.349999 -9.310000 0.700000 0.980000
342 0 11 -15.050000 -6.370000 0.700000 0.980000
343 0 6 -15.050000 -11.270000 0.700000 0.980000
344 0 10 -15.050000 -7.350000 0.700000 0.980000
345 0 7 -15.050000 -10.290000 0.700000 0.980000
346 0 9 -15.050000 -8.330000 0.700000 0.980000
347 0 8 -15.050000 -9.310000 0.700000 0.980000
348 0 11 -15.750000 -6.370000 0.700000 0.980000
349 0 6 -15.750000 -11.270000 0.700000 0.980000
350 0 10 -15.750000 -7.350000 0.700000 0.980000
351 0 7 -15.750000 -10.290000 0.700000 0.980000
352 0 9 -15.750000 -8.330000 0.700000 0.980000
353 0 8 -15.750000 -9.310000 0.700000 0.980000
354 0 11 -16.449999 -6.370000 0.700000 0.980000
355 0 6 -16.449999 -11.270000 0.700000 0.980000
356 0 10 -16.449999 -7.350000 0.700000 0.980000
357 0 7 -16.449999 -10.290000 0.700000 0.980000
358 0 9 -16.449999 -8.330000 0.700000 0.980000
359 0 8 -16.449999 -9.310000 0.700000 0.980000
360 0 11 -0.350000 -6.370000 0.700000 0.980000
361 0 6 -0.350000 -11.270000 0.700000 0.980000
362 0 10 -0.350000 -7.350000 0.700000 0.980000
363 0 7 -0.350000 -10.290000 0.700000 0.980000
364 0 9 -0.350000 -8.330000 0.700000 0.980000
365 0 8 -0.350000 -9.310000 0.700000 0.980000
366 0 11 -1.050000 -6.370000 0.700000 0.980000
367 0 6 -1.050000 -11.270000 0.700000 0.980000
368 0 10 -1.050000 -7.350000 0.700000 0.980000
369 0 7 -1.050000 -10.290000 0.700000 0.980000
370 0 9 -1.050000 -8.330000 0.700000 0.980000
371 0 8 -1.050000 -9.310000 0.700000 0.980000
372 0 11 -1.750000 -6.370000 0.700000 0.980000
373 0 6 -1.750000 -11.270000 0.700000 0.980000
374 0 10 -1.750000 -7.350000 0.700000 0.980000
375 0 7 -1.750000 -10.290000 0.700000 0.980000
376 0 9 -1.750000 -8.330000 0.700000 0.980000
377 0 8 -1.750000 -9.310000 0.700000 0.980000
378 0 11 -2.450000 -6.370000 0.700000 0.980000
379 0 6 -2.450000 -11.270000 0.700000 0.980000
380 0 10 -2.450000 -7.350000 0.700000 0.980000
381 0 7 -2.450000 -10.290000 0.700000 0.980000
382 0 9 -2.450000 -8.330000 0.700000 0.980000
383 0 8 -2.450000 -9.310000 0.700000 0.980000
384 0 11 -3.150000 -6.370000 0.700000 0.980000
385 0 6 -3.150000 -11.270000 0.700000 0.980000
386 0 10 -3.150000 -7.350000 0.700000 0.980000
387 0 7 -3.150000 -10.290000 0.700000 0.980000
388 0 9 -3.150000 -8.330000 0.700000 0.980000
389 0 8 -3.150000 -9.310000 0.700000 0.980000
390 0 11 -3.850000 -6.370000 0.700000 0.980000
391 0 6 -3.850000 -11.270000 0.700000 0.980000
392 0 10 -3.850000 -7.350000 0.700000 0.980000
393 0 7 -3.850000 -10.290000 0.700000 0.980000
394 0 9 -3.850000 -8.330000 0.700000 0.980000
395 0 8 -3.850000 -9.310000 0.700000 0.980000
396 0 11 -4.550000 -6.370000 0.700000 0.980000
397 0 6 -4.550000 -11.270000 0.700000 0.980000
398 0 10 -4.550000 -7.350000 0.700000 0.980000
399 0 7 -4.550000 -10.290000 0.700000 0.980000
400 0 9 -4.550000 -8.330000 0.700000 0.980000
401 0 8 -4.550000 -9.310000 0.700000 0.980000
402 0 11 -5.250000 -6.370000 0.700000 0.980000
403 0 6 -5.250000 -11.270000 0.700000 0.980000
404 0 10 -5.250000 -7.350000 0.700000 0.980000
405 0 7 -5.250000 -10.290000 0.700000 0.980000
406 0 9 -5.250000 -8.330000 0.700000 0.980000
407 0 8 -5.250000 -9.310000 0.700000 0.980000
408 0 11 -5.950000 -6.370000 0.700000 0.980000
409 0 6 -5.950000 -11.270000 0.700000 0.980000
410 0 10 -5.950000 -7.350000 0.700000 0.980000
411 0 7 -5.950000 -10.290000 0.700000 0.980000
412 0 9 -5.950000 -8.330000 0.700000 0.980000
413 0 8 -5.950000 -9.310000 0.700000 0.980000
414 0 11 -6.650000 -6.370000 0.700000 0.980000
415 0 6 -6.650000 -11.270000 0.700000 0.980000
416 0 10 -6.650000 -7.350000 0.700000 0.980000
417 0 7 -6.650000 -10.290000 0.700000 0.980000
418 0 9 -6.650000 -8.330000 0.700000 0.980000
419 0 8 -6.650000 -9.310000 0.700000 0.980000
420 0 11 -7.350000 -6.370000 0.700000 0.980000
421 0 6 -7.350000 -11.270000 0.700000 0.980000
422 0 10 -7.350000 -7.350000 0.700000 0.980000
423 0 7 -7.350000 -10.290000 0.700000 0.980000
424 0 9 -7.350000 -8.330000 0.700000 0.980000
425 0 8 -7.350000 -9.310000 0.700000 0.980000
426 0 11 -8.050000 -6.370000 0.700000 0.980000
427 0 6 -8.050000 -11.270000 0.700000 0.980000
428 0 10 -8.050000 -7.350000 0.700000 0.980000
429 0 7 -8.050000 -10.290000 0.700000 0.980000
430 0 9 -8.050000 -8.330000 0.700000 0.980000
431 0 8 -8.050000 -9.310000 0.700000 0.980000
432 0 9 8.050000 -8.330000 0.700000 0.980000
433 0 8 8.050000 -9.310000 0.700000 0.980000
434 0 10 8.050000 -7.350000 0.700000 0.980000
435 0 7 8.050000 -10.290000 0.700000 0.980000
436 0 11 8.050000 -6.370000 0.700000 0.980000
437 0 6 8.050000 -11.270000 0.700000 0.980000
438 0 9 7.350000 -8.330000 0.700000 0.980000
439 0 8 7.350000 -9.310000 0.700000 0.980000
440 0 10 7.350000 -7.350000 0.700000 0.980000
441 0 7 7.350000 -10.290000 0.700000 0.980000
442 0 11 7.350000 -6.370000 0.700000 0.980000
443 0 6 7.350000 -11.270000 0.700000 0.980000
444 0 9 6.650000 -8.330000 0.700000 0.980000
445 0 8 6.650000 -9.310000 0.700000 0.980000
446 0 10 6.650000 -7.350000 0.700000 0.980000
447 0 7 6.650000 -10.290000 0.700000 0.980000
448 0 11 6.650000 -6.370000 0.700000 0.980000
449 0 6 6.650000 -11.270000 0.700000 0.980000
450 0 9 5.950000 -8.330000 0.700000 0.980000
451 0 8 5.950000 -9.310000 0.700000 0.980000
452 0 10 5.950000 -7.350000 0.700000 0.980000
453 0 7 5.950000 -10.290000 0.700000 0.980000
454 0 11 5.950000 -6.370000 0.700000 0.980000
455 0 6 5.950000 -11.270000 0.700000 0.980000
456 0 9 5.250000 -8.330000 0.700000 0.980000
457 0 8 5.250000 -9.310000 0.700000 0.980000
458 0 10 5.250000 -7.350000 0.700000 0.980000
459 0 7 5.250000 -10.290000 0.700000 0.980000
460 0 11 5.250000 -6.370000 0.700000 0.980000
461 0 6 5.250000 -11.270000 0.700000 0.980000
462 0 9 4.550000 -8.330000 0.700000 0.980000
463 0 8 4.550000 -9.310000 0.700000 0.980000
464 0 10 4.550000 -7.350000 0.700000 0.980000
465 0 7 4.550000 -10.290000 0.700000 0.980000
466 0 11 4.550000 -6.370000 0.700000 0.980000
467 0 6 4.550000 -11.270000 0.700000 0.980000
468 0 9 3.850000 -8.330000 0.700000 0.980000
469 0 8 3.850000 -9.310000 0.700000 0.980000
470 0 10 3.850000 -7.350000 0.700000 0.980000
471 0 7 3.850000 -10.290000 0.700000 0.980000
472 0 11 3.850000 -6.370000 0.700000 0.980000
473 0 6 3.850000 -11.270000 0.700000 0.980000
474 0 9 3.150000 -8.330000 0.700000 0.980000
475 0 8 3.150000 -9.310000 0.700000 0.980000
476 0 10 3.150000 -7.350000 0.700000 0.980000
477 0 7 3.150000 -10.290000 0.700000 0.980000
478 0 11 3.150000 -6.370000 0.700000 0.980000
479 0 6 3.150000 -11.270000 0.700000 0.980000
480 0 9 2.450000 -8.330000 0.700000 0.980000
481 0 8 2.450000 -9.310000 0.700000 0.980000
482 0 10 2.450000 -7.350000 0.700000 0.980000
483 0 7 2.450000 -10.290000 0.700000 0.980000
484 0 11 2.450000 -6.370000 0.700000 0.980000
485 0 6 2.450000 -11.270000 0.700000 0.980000
486 0 9 1.750000 -8.330000 0.700000 0.980000
487 0 8 1.750000 -9.310000 0.700000 0.980000
488 0 10 1.750000 -7.350000 0.700000 0.980000
489 0 7 1.750000 -10.290000 0.700000 0.980000
490 0 11 1.750000 -6.370000 0.700000 0.980000
491 0 6 1.750000 -11.270000 0.700000 0.980000
492 0 9 1.050000 -8.330000 0.700000 0.980000
493 0 8 1.050000 -9.310000 0.700000 0.980000
494 0 10 1.050000 -7.350000 0.700000 0.980000
495 0 7 1.050000 -10.290000 0.700000 0.980000
496 0 11 1.050000 -6.370000 0.700000 0.980000
497 0 6 1.050000 -11.270000 0.700000 0.980000
498 0 9 0.350000 -8.330000 0.700000 0.980000
499 0 8 0.350000 -9.310000 0.700000 0.980000
500 0 10 0.350000 -7.350000 0.700000 0.980000
501 0 7 0.350000 -10.290000 0.700000 0.980000
502 0 11 0.350000 -6.370000 0.700000 0.980000
503 0 6 0.350000 -11.270000 0.700000 0.980000
504 0 9 16.449999 -8.330000 0.700000 0.980000
505 0 8 16.449999 -9.310000 0.700000 0.980000
506 0 10 16.449999 -7.350000 0.700000 0.980000
507 0 7 16.449999 -10.290000 0.700000 0.980000
508 0 11 16.449999 -6.370000 0.700000 0.980000
509 0 6 16.449999 -11.270000 0.700000 0.980000
510 0 9 15.750000 -8.330000 0.700000 0.980000
511 0 8 15.750000 -9.310000 0.700000 0.980000
512 0 10 15.750000 -7.350000 0.700000 0.980000
513 0 7 15.750000 -10.290000 0.700000 0.980000
514 0 11 15.750000 -6.370000 0.700000 0.980000
515 0 6 15.750000 -11.270000 0.700000 0.980000
516 0 9 15.050000 -8.330000 0.700000 0.980000
517 0 8 15.050000 -9.310000 0.700000 0.980000
518 0 10 15.050000 -7.350000 0.700000 0.980000
519 0 7 15.050000 -10.290000 0.700000 0.980000
520 0 11 15.050000 -6.370000 0.700000 0.980000
521 0 6 15.050000 -11.270000 0.700000 0.980000
522 0 9 14.349999 -8.330000 0.700000 0.980000
523 0 8 14.349999 -9.310000 0.700000 0.980000
524 0 10 14.349999 -7.350000 0.700000 0.980000
525 0 7 14.349999 -10.290000 0.700000 0.980000
526 0 11 14.349999 -6.370000 0.700000 0.980000
527 0 6 14.349999 -11.270000 0.700000 0.980000
528 0 9 13.650000 -8.330000 0.700000 0.980000
529 0 8 13.650000 -9.310000 0.700000 0.980000
530 0 10 13.650000 -7.350000 0.700000 0.980000
531 0 7 13.650000 -10.290000 0.700000 0.980000
532 0 11 13.650000 -6.370000 0.700000 0.980000
533 0 6 13.650000 -11.270000 0.700000 0.980000
534 0 9 12.950000 -8.330000 0.700000 0.980000
535 0 8 12.950000 -9.310000 0.700000 0.980000
536 0 10 12.950000 -7.350000 0.700000 0.980000
537 0 7 12.950000 -10.290000 0.700000 0.980000
538 0 11 12.950000 -6.370000 0.700000 0.980000
539 0 6 12.950000 -11.270000 0.700000 0.980000
540 0 9 12.250000 -8.330000 0.700000 0.980000
541 0 8 12.250000 -9.310000 0.700000 0.980000
542 0 10 12.250000 -7.350000 0.700000 0.980000
543 0 7 12.250000 -10.290000 0.700000 0.980000
544 0 11 12.250000 -6.370000 0.700000 0.980000
545 0 6 12.250000 -11.270000 0.700000 0.980000
546 0 9 11.550000 -8.330000 0.700000 0.980000
547 0 8 11.550000 -9.310000 0.700000 0.980000
548 0 10 11.550000 -7.350000 0.700000 0.980000
549 0 7 11.550000 -10.290000 0.700000 0.980000
550 0 11 11.550000 -6.370000 0.700000 0.980000
551 0 6 11.550000 -11.270000 0.700000 0.980000
552 0 9 10.849999 -8.330000 0.700000 0.980000
553 0 8 10.849999 -9.310000 0.700000 0.980000
554 0 10 10.849999 -7.350000 0.700000 0.980000
555 0 7 10.849999 -10.290000 0.700000 0.980000
556 0 11 10.849999 -6.370000 0.700000 0.980000
557 0 6 10.849999 -11.270000 0.700000 0.980000
558 0 9 10.150000 -8.330000 0.700000 0.980000
559 0 8 10.150000 -9.310000 0.700000 0.980000
560 0 10 10.150000 -7.350000 0.700000 0.980000
561 0 7 10.150000 -10.290000 0.700000 0.980000
562 0 11 10.150000 -6.370000 0.700000 0.980000
563 0 6 10.150000 -11.270000 0.700000 0.980000
564 0 9 9.450000 -8.330000 0.700000 0.980000
565 0 8 9.450000 -9.310000 0.700000 0.980000
566 0 10 9.450000 -7.350000 0.700000 0.980000
567 0 7 9.450000 -10.290000 0.700000 0.980000
568 0 11 9.450000 -6.370000 0.700000 0.980000
569 0 6 9.450000 -11.270000 0.700000 0.980000
570 0 9 8.750000 -8.330000 0.700000 0.980000
571 0 8 8.750000 -9.310000 0.700000 0.980000
572 0 10 8.750000 -7.350000 0.700000 0.980000
573 0 7 8.750000 -10.290000 0.700000 0.980000
574 0 11 8.750000 -6.370000 0.700000 0.980000
575 0 6 8.750000 -11.270000 0.700000 0.980000
576 0 17 -8.750000 -0.490000 0.700000 0.980000
577 0 12 -8.750000 -5.390000 0.700000 0.980000
578 0 16 -8.750000 -1.470000 0.700000 0.980000
579 0 13 -8.750000 -4.410000 0.700000 0.980000
580 0 15 -8.750000 -2.450000 0.700000 0.980000
581 0 14 -8.750000 -3.430000 0.700000 0.980000
582 0 17 -9.450000 -0.490000 0.700000 0.980000
583 0 12 -9.450000 -5.390000 0.700000 0.980000
584 0 16 -9.450000 -1.470000 0.700000 0.980000
585 0 13 -9.450000 -4.410000 0.700000 0.980000
586 0 15 -9.450000 -2.450000 0.700000 0.980000
587 0 14 -9.450000 -3.430000 0.700000 0.980000
588 0 17 -10.150000 -0.490000 0.700000 0.980000
589 0 12 -10.150000 -5.390000 0.700000 0.980000
590 0 16 -10.150000 -1.470000 0.700000 0.980000
591 0 13 -10.150000 -4.410000 0.700000 0.980000
592 0 15 -10.150000 -2.450000 0.700000 0.980000
593 0 14 -10.150000 -3.430000 0.700000 0.980000
594 0 17 -10.849999 -0.490000 0.700000 0.980000
595 0 12 -10.849999 -5.390000 0.700000 0.980000
596 0 16 -10.849999 -1.470000 0.700000 0.980000
597 0 13 -10.849999 -4.410000 0.700000 0.980000
598 0 15 -10.849999 -2.450000 0.700000 0.980000
599 0 14 -10.849999 -3.430000 0.700000 0.980000
600 0 17 -11.550000 -0.490000 0.700000 0.980000
601 0 12 -11.550000 -5.390000 0.700000 0.980000
602 0 16 -11.550000 -1.470000 0.700000 0.980000
603 0 13 -11.550000 -4.410000 0.700000 0.980000
604 0 15 -11.550000 -2.450000 0.700000 0.980000
605 0 14 -11.550000 -3.430000 0.700000 0.980000
606 0 17 -12.250000 -0.490000 0.700000 0.980000
607 0 12 -12.250000 -5.390000 0.700000 0.980000
608 0 16 -12.250000 -1.470000 0.700000 0.980000
609 0 13 -12.250000 -4.410000 0.700000 0.980000
610 0 15 -12.250000 -2.450000 0.700000 0.980000
611 0 14 -12.250000 -3.430000 0.700000 0.980000
612 0 17 -12.950000 -0.490000 0.700000 0.980000
613 0 12 -12.950000 -5.390000 0.700000 0.980000
614 0 16 -12.950000 -1.470000 0.700000 0.980000
615 0 13 -12.950000 -4.410000 0.700000 0.980000
616 0 15 -12.950000 -2.450000 0.700000 0.980000
617 0 14 -12.950000 -3.430000 0.700000 0.980000
618 0 17 -13.650000 -0.490000 0.700000 0.980000
619 0 12 -13.650000 -5.390000 0.700000 0.980000
620 0 16 -13.650000 -1.470000 0.700000 0.980000
621 0 13 -13.650000 -4.410000 0.700000 0.980000
622 0 15 -13.650000 -2.450000 0.700000 0.980000
623 0 14 -13.650000 -3.430000 0.700000 0.980000
624 0 17 -14.349999 -0.490000 0.700000 0.980000
625 0 12 -14.349999 -5.390000 0.700000 0.980000
626 0 16 -14.349999 -1.470000 0.700000 0.980000
627 0 13 -14.349999 -4.410000 0.700000 0.980000
628 0 15 -14.349999 -2.450000 0.700000 0.980000
629 0 14 -14.349999 -3.430000 0.700000 0.980000
630 0 17 -15.050000 -0.490000 0.700000 0.980000
631 0 12 -15.050000 -5.390000 0.700000 0.980000
632 0 16 -15.050000 -1.470000 0.700000 0.980000
633 0 13 -15.050000 -4.410000 0.700000 0.980000
634 0 15 -15.050000 -2.450000 0.700000 0.980000
635 0 14 -15.050000 -3.430000 0.700000 0.980000
636 0 17 -15.750000 -0.490000 0.700000 0.980000
637 0 12 -15.750000 -5.390000 0.700000 0.980000
638 0 16 -15.750000 -1.470000 0.700000 0.980000
639 0 13 -15.750000 -4.410000 0.700000 0.980000
640 0 15 -15.750000 -2.450000 0.700000 0.980000
641 0 14 -15.750000 -3.430000 0.700000 0.980000
642 0 17 -16.449999 -0.490000 0.700000 0.980000
643 0 12 -16.449999 -5.390000 0.700000 0.980000
644 0 16 -16.449999 -1.470000 0.700000 0.980000
645 0 13 -16.449999 -4.410000 0.700000 0.980000
646 0 15 -16.449999 -2.450000 0.700000 0.980000
647 0 14 -16.449999 -3.430000 0.700000 0.980000
648 0 17 -0.350000 -0.490000 0.700000 0.980000
649 0 12 -0.350000 -5.390000 0.700000 0.980000
650 0 16 -0.350000 -1.470000 0.700000 0.980000
651 0 13 -0.350000 -4.410000 0.700000 0.980000
652 0 15 -0.350000 -2.450000 0.700000 0.980000
653 0 14 -0.350000 -3.430000 0.700000 0.980000
654 0 17 -1.050000 -0.490000 0.700000 0.980000
655 0 12 -1.050000 -5.390000 0.700000 0.980000
656 0 16 -1.050000 -1.470000 0.700000 0.980000
657 0 13 -1.050000 -4.410000 0.700000 0.980000
658 0 15 -1.050000 -2.450000 0.700000 0.980000
659 0 14 -1.050000 -3.430000 0.700000 0.980000
660 0 17 -1.750000 -0.490000 0.700000 0.980000
661 0 12 -1.750000 -5.390000 0.700000 0.980000
662 0 16 -1.750000 -1.470000 0.700000 0.980000
663 0 13 -1.750000 -4.410000 0.700000 0.980000
664 0 15 -1.750000 -2.450000 0.700000 0.980000
665 0 14 -1.750000 -3.430000 0.700000 0.980000
666 0 17 -2.450000 -0.490000 0.700000 0.980000
667 0 12 -2.450000 -5.390000 0.700000 0.980000
668 0 16 -2.450000 -1.470000 0.700000 0.980000
669 0 13 -2.450000 -4.410000 0.700000 0.980000
670 0 15 -2.450000 -2.450000 0.700000 0.980000
671 0 14 -2.450000 -3.430000 0.700000 0.980000
672 0 17 -3.150000 -0.490000 0.700000 0.980000
673 0 12 -3.150000 -5.390000 0.700000 0.980000
674 0 16 -3.150000 -1.470000 0.700000 0.980000
675 0 13 -3.150000 -4.410000 0.700000 0.980000
676 0 15 -3.150000 -2.450000 0.700000 0.980000
677 0 14 -3.150000 -3.430000 0.700000 0.980000
678 0 17 -3.850000 -0.490000 0.700000 0.980000
679 0 12 -3.850000 -5.390000 0.700000 0.980000
680 0 16 -3.850000 -1.470000 0.700000 0.980000
681 0 13 -3.850000 -4.410000 0.700000 0.980000
682 0 15 -3.850000 -2.450000 0.700000 0.980000
683 0 14 -3.850000 -3.430000 0.700000 0.980000
684 0 17 -4.550000 -0.490000 0.700000 0.980000
685 0 12 -4.550000 -5.390000 0.700000 0.980000
686 0 16 -4.550000 -1.470000 0.700000 0.980000
687 0 13 -4.550000 -4.410000 0.700000 0.980000
688 0 15 -4.550000 -2.450000 0.700000 0.980000
689 0 14 -4.550000 -3.430000 0.700000 0.980000
690 0 17 -5.250000 -0.490000 0.700000 0.980000
691 0 12 -5.250000 -5.390000 0.700000 0.980000
692 0 16 -5.250000 -1.470000 0.700000 0.980000
693 0 13 -5.250000 -4.410000 0.700000 0.980000
694 0 15 -5.250000 -2.450000 0.700000 0.980000
695 0 14 -5.250000 -3.430000 0.700000 0.980000
696 0 17 -5.950000 -0.490000 0.700000 0.980000
697 0 12 -5.950000 -5.390000 0.700000 0.980000
698 0 16 -5.950000 -1.470000 0.700000 0.980000
699 0 13 -5.950000 -4.410000 0.700000 0.980000
700 0 15 -5.950000 -2.450000 0.700000 0.980000
701 0 14 -5.950000 -3.430000 0.700000 0.980000
702 0 17 -6.650000 -0.490000 0.700000 0.980000
703 0 12 -6.650000 -5.390000 0.700000 0.980000
704 0 16 -6.650000 -1.470000 0.700000 0.980000
705 0 13 -6.650000 -4.410000 0.700000 0.980000
706 0 15 -6.650000 -2.450000 0.700000 0.980000
707 0 14 -6.650000 -3.430000 0.700000 0.980000
708 0 17 -7.350000 -0.490000 0.700000 0.980000
709 0 12 -7.350000 -5.390000 0.700000 0.980000
710 0 16 -7.350000 -1.470000 0.700000 0.980000
711 0 13 -7.350000 -4.410000 0.700000 0.980000
712 0 15 -7.350000 -2.450000 0.700000 0.980000
713 0 14 -7.350000 -3.430000 0.700000 0.980000
714 0 17 -8.050000 -0.490000 0.700000 0.980000
715 0 12 -8.050000 -5.390000 0.700000 0.980000
716 0 16 -8.050000 -1.470000 0.700000 0.980000
717 0 13 -8.050000 -4.410000 0.700000 0.980000
718 0 15 -8.050000 -2.450000 0.700000 0.980000
719 0 14 -8.050000 -3.430000 0.700000 0.980000
720 0 15 8.050000 -2.450000 0.700000 0.980000
721 0 14 8.050000 -3.430000 0.700000 0.980000
722 0 16 8.050000 -1.470000 0.700000 0.980000
723 0 13 8.050000 -4.410000 0.700000 0.980000
724 0 17 8.050000 -0.490000 0.700000 0.980000
725 0 12 8.050000 -5.390000 0.700000 0.980000
726 0 15 7.350000 -2.450000 0.700000 0.980000
727 0 14 7.350000 -3.430000 0.700000 0.980000
728 0 16 7.350000 -1.470000 0.700000 0.980000
729 0 13 7.350000 -4.410000 0.700000 0.980000
730 0 17 7.350000 -0.490000 0.700000 0.980000
731 0 12 7.350000 -5.390000 0.700000 0.980000
732 0 15 6.650000 -2.450000 0.700000 0.980000
733 0 14 6.650000 -3.430000 0.700000 0.980000
734 0 16 6.650000 -1.470000 0.700000 0.980000
735 0 13 6.650000 -4.410000 0.700000 0.980000
736 0 17 6.650000 -0.490000 0.700000 0.980000
737 0 12 6.650000 -5.390000 0.700000 0.980000
738 0 15 5.950000 -2.450000 0.700000 0.980000
739 0 14 5.950000 -3.430000 0.700000 0.980000
740 0 16 5.950000 -1.470000 0.700000 0.980000
741 0 13 5.950000 -4.410000 0.700000 0.980000
742 0 17 5.950000 -0.490000 0.700000 0.980000
743 0 12 5.950000 -5.390000 0.700000 0.980000
744 0 15 5.250000 -2.450000 0.700000 0.980000
745 0 14 5.250000 -3.430000 0.700000 0.980000
746 0 16 5.250000 -1.470000 0.700000 0.980000
747 0 13 5.250000 -4.410000 0.700000 0.980000
748 0 17 5.250000 -0.490000 0.700000 0.980000
749 0 12 5.250000 -5.390000 0.700000 0.980000
750 0 15 4.550000 -2.450000 0.700000 0.980000
751 0 14 4.550000 -3.430000 0.700000 0.980000
752 0 16 4.550000 -1.470000 0.700000 0.980000
753 0 13 4.550000 -4.410000 0.700000 0.980000
754 0 17 4.550000 -0.490000 0.700000 0.980000
755 0 12 4.550000 -5.390000 0.700000 0.980000
756 0 15 3.850000 -2.450000 0.700000 0.980000
757 0 14 3.850000 -3.430000 0.700000 0.980000
758 0 16 3.850000 -1.470000 0.700000 0.980000
759 0 13 3.850000 -4.410000 0.700000 0.980000
760 0 17 3.850000 -0.490000 0.700000 0.980000
761 0 12 3.850000 -5.390000 0.700000 0.980000
762 0 15 3.150000 -2.450000 0.700000 0.980000
763 0 14 3.150000 -3.430000 0.700000 0.980000
764 0 16 3.150000 -1.470000 0.700000 0.980000
765 0 13 3.150000 -4.410000 0.700000 0.980000
766 0 17 3.150000 -0.490000 0.700000 0.980000
767 0 12 3.150000 -5.390000 0.700000 0.980000
768 0 15 2.450000 -2.450000 0.700000 0.980000
769 0 14 2.450000 -3.430000 0.700000 0.980000
770 0 16 2.450000 -1.470000 0.700000 0.980000
771 0 13 2.450000 -4.410000 0.700000 0.980000
772 0 17 2.450000 -0.490000 0.700000 0.980000
773 0 12 2.450000 -5.390000 0.700000 0.980000
774 0 15 1.750000 -2.450000 0.700000 0.980000
775 0 14 1.750000 -3.430000 0.700000 0.980000
776 0 16 1.750000 -1.470000 0.700000 0.980000
777 0 13 1.750000 -4.410000 0.700000 0.980000
778 0 17 1.750000 -0.490000 0.700000 0.980000
779 0 12 1.750000 -5.390000 0.700000 0.980000
780 0 15 1.050000 -2.450000 0.700000 0.980000
781 0 14 1.050000 -3.430000 0.700000 0.980000
782 0 16 1.050000 -1.470000 0.700000 0.980000
783 0 13 1.050000 -4.410000 0.700000 0.980000
784 0 17 1.050000 -0.490000 0.700000 0.980000
785 0 12 1.050000 -5.390000 0.700000 0.980000
786 0 15 0.350000 -2.450000 0.700000 0.980000
787 0 14 0.350000 -3.430000 0.700000 0.980000
788 0 16 0.350000 -1.470000 0.700000 0.980000
789 0 13 0.350000 -4.410000 0.700000 0.980000
790 0 17 0.350000 -0.490000 0.700000 0.980000
791 0 12 0.350000 -5.390000 0.700000 0.980000
792 0 15 16.449999 -2.450000 0.700000 0.980000
793 0 14 16.449999 -3.430000 0.700000 0.980000
794 0 16 16.449999 -1.470000 0.700000 0.980000
795 0 13 16.449999 -4.410000 0.700000 0.980000
796 0 17 16.449999 -0.490000 0.700000 0.980000
797 0 12 16.449999 -5.390000 0.700000 0.980000
798 0 15 15.750000 -2.450000 0.700000 0.980000
799 0 14 15.750000 -3.430000 0.700000 0.980000
800 0 16 15.750000 -1.470000 0.700000 0.980000
801 0 13 15.750000 -4.410000 0.700000 0.980000
802 0 17 15.750000 -0.490000 0.700000 0.980000
803 0 12 15.750000 -5.390000 0.700000 0.980000
804 0 15 15.050000 -2.450000 0.700000 0.980000
805 0 14 15.050000 -3.430000 0.700000 0.980000
806 0 16 15.050000 -1.470000 0.700000 0.980000
807 0 13 15.050000 -4.410000 0.700000 0.980000
808 0 17 15.050000 -0.490000 0.700000 0.980000
809 0 12 15.050000 -5.390000 0.700000 0.980000
810 0 15 14.349999 -2.450000 0.700000 0.980000
811 0 14 14.349999 -3.430000 0.700000 0.980000
812 0 16 14.349999 -1.470000 0.700000 0.980000
813 0 13 14.349999 -4.410000 0.700000 0.980000
814 0 17 14.349999 -0.490000 0.700000 0.980000
815 0 12 14.349999 -5.390000 0.700000 0.980000
816 0 15 13.650000 -2.450000 0.700000 0.980000
817 0 14 13.650000 -3.430000 0.700000 0.980000
818 0 16 13.650000 -1.470000 0.700000 0.980000
819 0 13 13.650000 -4.410000 0.700000 0.980000
820 0 17 13.650000 -0.490000 0.700000 0.980000
821 0 12 13.650000 -5.390000 0.700000 0.980000
822 0 15 12.950000 -2.450000 0.700000 0.980000
823 0 14 12.950000 -3.430000 0.700000 0.980000
824 0 16 12.950000 -1.470000 0.700000 0.980000
825 0 13 12.950000 -4.410000 0.700000 0.980000
826 0 17 12.950000 -0.490000 0.700000 0.980000
827 0 12 12.950000 -5.390000 0.700000 0.980000
828 0 15 12.250000 -2.450000 0.700000 0.980000
829 0 14 12.250000 -3.430000 0.700000 0.980000
830 0 16 12.250000 -1.470000 0.700000 0.980000
831 0 13 12.250000 -4.410000 0.700000 0.980000
832 0 17 12.250000 -0.490000 0.700000 0.980000
833 0 12 12.250000 -5.390000 0.700000 0.980000
834 0 15 11.550000 -2.450000 0.700000 0.980000
835 0 14 11.550000 -3.430000 0.700000 0.980000
836 0 16 11.550000 -1.470000 0.700000 0.980000
837 0 13 11.550000 -4.410000 0.700000 0.980000
838 0 17 11.550000 -0.490000 0.700000 0.980000
839 0 12 11.550000 -5.390000 0.700000 0.980000
840 0 15 10.849999 -2.450000 0.700000 0.980000
841 0 14 10.849999 -3.430000 0.700000 0.980000
842 0 16 10.849999 -1.470000 0.700000 0.980000
843 0 13 10.849999 -4.410000 0.700000 0.980000
844 0 17 10.849999 -0.490000 0.700000 0.980000
845 0 12 10.849999 -5.390000 0.700000 0.980000
846 0 15 10.150000 -2.450000 0.700000 0.980000
847 0 14 10.150000 -3.430000 0.700000 0.980000
848 0 16 10.150000 -1.470000 0.700000 0.980000
849 0 13 10.150000 -4.410000 0.700000 0.980000
850 0 17 10.150000 -0.490000 0.700000 0.980000
851 0 12 10.150000 -5.390000 0.700000 0.980000
852 0 15 9.450000 -2.450000 0.700000 0.980000
853 0 14 9.450000 -3.430000 0.700000 0.980000
854 0 16 9.450000 -1.470000 0.700000 0.980000
855 0 13 9.450000 -4.410000 0.700000 0.980000
856 0 17 9.450000 -0.490000 0.700000 0.980000
857 0 12 9.450000 -5.390000 0.700000 0.980000
858 0 15 8.750000 -2.450000 0.700000 0.980000
859 0 14 8.750000 -3.430000 0.700000 0.980000
860 0 16 8.750000 -1.470000 0.700000 0.980000
861 0 13 8.750000 -4.410000 0.700000 0.980000
862 0 17 8.750000 -0.490000 0.700000 0.980000
863 0 12 8.750000 -5.390000 0.700000 0.980000
864 0 23 -8.750000 5.390000 0.700000 0.980000
865 0 18 -8.750000 0.490000 0.700000 0.980000
866 0 22 -8.750000 4.410000 0.700000 0.980000
867 0 19 -8.750000 1.470000 0.700000 0.980000
868 0 21 -8.750000 3.430000 0.700000 0.980000
869 0 20 -8.750000 2.450000 0.700000 0.980000
870 0 23 -9.450000 5.390000 0.700000 0.980000
871 0 18 -9.450000 0.490000 0.700000 0.980000
872 0 22 -9.450000 4.410000 0.700000 0.980000
873 0 19 -9.450000 1.470000 0.700000 0.980000
874 0 21 -9.450000 3.430000 0.700000 0.980000
875 0 20 -9.450000 2.450000 0.700000 0.980000
876 0 23 -10.150000 5.390000 0.700000 0.980000
877 0 18 -10.150000 0.490000 0.700000 0.980000
878 0 22 -10.150000 4.410000 0.700000 0.980000
879 0 19 -10.150000 1.470000 0.700000 0.980000
880 0 21 -10.150000 3.430000 0.700000 0.980000
881 0 20 -10.150000 2.450000 0.700000 0.980000
882 0 23 -10.849999 5.390000 0.700000 0.980000
883 0 18 -10.849999 0.490000 0.700000 0.980000
884 0 22 -10.849999 4.410000 0.700000 0.980000
885 0 19 -10.849999 1.470000 0.700000 0.980000
886 0 21 -10.849999 3.430000 0.700000 0.980000
887 0 20 -10.849999 2.450000 0.700000 0.980000
888 0 23 -11.550000 5.390000 0.700000 0.980000
889 0 18 -11.550000 0.490000 0.700000 0.980000
890 0 22 -11.550000 4.410000 0.700000 0.980000
891 0 19 -11.550000 1.470000 0.700000 0.980000
892 0 21 -11.550000 3.430000 0.700000 0.980000
893 0 20 -11.550000 2.450000 0.700000 0.980000
894 0 23 -12.250000 5.390000 0.700000 0.980000
895 0 18 -12.250000 0.490000 0.700000 0.980000
896 0 22 -12.250000 4.410000 0.700000 0.980000
897 0 19 -12.250000 1.470000 0.700000 0.980000
898 0 21 -12.250000 3.430000 0.700000 0.980000
899 0 20 -12.250000 2.450000 0.700000 0.980000
900 0 23 -12.950000 5.390000 0.700000 0.980000
901 0 18 -12.950000 0.490000 0.700000 0.980000
902 0 22 -12.950000 4.410000 0.700000 0.980000
903 0 19 -12.950000 1.470000 0.700000 0.980000
904 0 21 -12.950000 3.430000 0.700000 0.980000
905 0 20 -12.950000 2.450000 0.700000 0.980000
906 0 23 -13.650000 5.390000 0.700000 0.980000
907 0 18 -13.650000 0.490000 0.700000 0.980000
908 0 22 -13.650000 4.410000 0.700000 0.980000
909 0 19 -13.650000 1.470000 0.700000 0.980000
910 0 21 -13.650000 3.430000 0.700000 0.980000
911 0 20 -13.650000 2.450000 0.700000 0.980000
912 0 23 -14.349999 5.390000 0.700000 0.980000
913 0 18 -14.349999 0.490000 0.700000 0.980000
914 0 22 -14.349999 4.410000 0.700000 0.980000
915 0 19 -14.349999 1.470000 0.700000 0.980000
916 0 21 -14.349999 3.430000 0.700000 0.980000
917 0 20 -14.349999 2.450000 0.700000 0.980000
918 0 23 -15.050000 5.390000 0.700000 0.980000
919 0 18 -15.050000 0.490000 0.700000 0.980000
920 0 22 -15.050000 4.410000 0.700000 0.980000
921 0 19 -15.050000 1.470000 0.700000 0.980000
922 0 21 -15.050000 3.430000 0.700000 0.980000
923 0 20 -15.050000 2.450000 0.700000 0.980000
924 0 23 -15.750000 5.390000 0.700000 0.980000
925 0 18 -15.750000 0.490000 0.700000 0.980000
926 0 22 -15.750000 4.410000 0.700000 0.980000
927 0 19 -15.750000 1.470000 0.700000 0.980000
928 0 21 -15.750000 3.430000 0.700000 0.980000
929 0 20 -15.750000 2.450000 0.700000 0.980000
930 0 23 -16.449999 5.390000 0.700000 0.980000
931 0 18 -16.449999 0.490000 0.700000 0.980000
932 0 22 -16.449999 4.410000 0.700000 0.980000
933 0 19 -16.449999 1.470000 0.700000 0.980000
934 0 21 -16.449999 3.430000 0.700000 0.980000
935 0 20 -16.449999 2.450000 0.700000 0.980000
936 0 23 -0.350000 5.390000 0.700000 0.980000
937 0 18 -0.350000 0.490000 0.700000 0.980000
938 0 22 -0.350000 4.410000 0.700000 0.980000
939 0 19 -0.350000 1.470000 0.700000 0.980000
940 0 21 -0.350000 3.430000 0.700000 0.980000
941 0 20 -0.350000 2.450000 0.700000 0.980000
942 0 23 -1.050000 5.390000 0.700000 0.980000
943 0 18 -1.050000 0.490000 0.700000 0.980000
944 0 22 -1.050000 4.410000 0.700000 0.980000
945 0 19 -1.050000 1.470000 0.700000 0.980000
946 0 21 -1.050000 3.430000 0.700000 0.980000
947 0 20 -1.050000 2.450000 0.700000 0.980000
948 0 23 -1.750000 5.390000 0.700000 0.980000
949 0 18 -1.750000 0.490000 0.700000 0.980000
950 0 22 -1.750000 4.410000 0.700000 0.980000
951 0 19 -1.750000 1.470000 0.700000 0.980000
952 0 21 -1.750000 3.430000 0.700000 0.980000
953 0 20 -1.750000 2.450000 0.700000 0.980000
954 0 23 -2.450000 5.390000 0.700000 0.980000
955 0 18 -2.450000 0.490000 0.700000 0.980000
956 0 22 -2.450000 4.410000 0.700000 0.980000
957 0 19 -2.450000 1.470000 0.700000 0.980000
958 0 21 -2.450000 3.430000 0.700000 0.980000
959 0 20 -2.450000 2.450000 0.700000 0.980000
960 0 23 -3.150000 5.390000 0.700000 0.980000
961 0 18 -3.150000 0.490000 0.700000 0.980000
962 0 22 -3.150000 4.410000 0.700000 0.980000
963 0 19 -3.150000 1.470000 0.700000 0.980000
964 0 21 -3.150000 3.430000 0.700000 0.980000
965 0 20 -3.150000 2.450000 0.700000 0.980000
966 0 23 -3.850000 5.390000 0.700000 0.980000
967 0 18 -3.850000 0.490000 0.700000 0.980000
968 0 22 -3.850000 4.410000 0.700000 0.980000
969 0 19 -3.850000 1.470000 0.700000 0.980000
970 0 21 -3.850000 3.430000 0.700000 0.980000
971 0 20 -3.850000 2.450000 0.700000 0.980000
972 0 23 -4.550000 5.390000 0.700000 0.980000
973 0 18 -4.550000 0.490000 0.700000 0.980000
974 0 22 -4.550000 4.410000 0.700000 0.980000
975 0 19 -4.550000 1.470000 0.700000 0.980000
976 0 21 -4.550000 3.430000 0.700000 0.980000
977 0 20 -4.550000 2.450000 0.700000 0.980000
978 0 23 -5.250000 5.390000 0.700000 0.980000
979 0 18 -5.250000 0.490000 0.700000 0.980000
980 0 22 -5.250000 4.410000 0.700000 0.980000
981 0 19 -5.250000 1.470000 0.700000 0.980000
982 0 21 -5.250000 3.430000 0.700000 0.980000
983 0 20 -5.250000 2.450000 0.700000 0.980000
984 0 23 -5.950000 5.390000 0.700000 0.980000
985 0 18 -5.950000 0.490000 0.700000 0.980000
986 0 22 -5.950000 4.410000 0.700000 0.980000
987 0 19 -5.950000 1.470000 0.700000 0.980000
988 0 21 -5.950000 3.430000 0.700000 0.980000
989 0 20 -5.950000 2.450000 0.700000 0.980000
990 0 23 -6.650000 5.390000 0.700000 0.980000
991 0 18 -6.650000 0.490000 0.700000 0.980000
992 0 22 -6.650000 4.410000 0.700000 0.980000
993 0 19 -6.650000 1.470000 0.700000 0.980000
994 0 21 -6.650000 3.430000 0.700000 0.980000
995 0 20 -6.650000 2.450000 0.700000 0.980000
996 0 23 -7.350000 5.390000 0.700000 0.980000
997 0 18 -7.350000 0.490000 0.700000 0.980000
998 0 22 -7.350000 4.410000 0.700000 0.980000
999 0 19 -7.350000 1.470000 0.700000 0.980000
1000 0 21 -7.350000 3.430000 0.700000 0.980000
1001 0 20 -7.350000 2.450000 0.700000 0.980000
1002 0 23 -8.050000 5.390000 0.700000 0.980000
1003 0 18 -8.050000 0.490000 0.700000 0.980000
1004 0 22 -8.050000 4.410000 0.700000 0.980000
1005 0 19 -8.050000 1.470000 0.700000 0.980000
1006 0 21 -8.050000 3.430000 0.700000 0.980000
1007 0 20 -8.050000 2.450000 0.700000 0.980000
1008 0 21 8.050000 3.430000 0.700000 0.980000
1009 0 20 8.050000 2.450000 0.700000 0.980000
1010 0 22 8.050000 4.410000 0.700000 0.980000
1011 0 19 8.050000 1.470000 0.700000 0.980000
1012 0 23 8.050000 5.390000 0.700000 0.980000
1013 0 18 8.050000 0.490000 0.700000 0.980000
1014 0 21 7.350000 3.430000 0.700000 0.980000
1015 0 20 7.350000 2.450000 0.700000 0.980000
1016 0 22 7.350000 4.410000 0.700000 0.980000
1017 0 19 7.350000 1.470000 0.700000 0.980000
1018 0 23 7.350000 5.390000 0.700000 0.980000
1019 0 18 7.350000 0.490000 0.700000 0.980000
1020 0 21 6.650000 3.430000 0.700000 0.980000
1021 0 20 6.650000 2.450000 0.700000 0.980000
1022 0 22 6.650000 4.410000 0.700000 0.980000
1023 0 19 6.650000 1.470000 0.700000 0.980000
1024 0 23 6.650000 5.390000 0.700000 0.980000
1025 0 18 6.650000 0.490000 0.700000 0.980000
1026 0 21 5.950000 3.430000 0.700000 0.980000
1027 0 20 5.950000 2.450000 0.700000 0.980000
1028 0 22 5.950000 4.410000 0.700000 0.980000
1029 0 19 5.950000 1.470000 0.700000 0.980000
1030 0 23 5.950000 5.390000 0.700000 0.980000
1031 0 18 5.950000 0.490000 0.700000 0.980000
1032 0 21 5.250000 3.430000 0.700000 0.980000
1033 0 20 5.250000 2.450000 0.700000 0.980000
1034 0 22 5.250000 4.410000 0.700000 0.980000
1035 0 19 5.250000 1.470000 0.700000 0.980000
1036 0 23 5.250000 5.390000 0.700000 0.980000
1037 0 18 5.250000 0.490000 0.700000 0.980000
1038 0 21 4.550000 3.430000 0.700000 0.980000
1039 0 20 4.550000 2.450000 0.700000 0.980000
1040 0 22 4.550000 4.410000 0.700000 0.980000
1041 0 19 4.550000 1.470000 0.700000 0.980000
1042 0 23 4.550000 5.390000 0.700000 0.980000
1043 0 18 4.550000 0.490000 0.700000 0.980000
1044 0 21 3.850000 3.430000 0.700000 0.980000
1045 0 20 3.850000 2.450000 0.700000 0.980000
1046 0 22 3.850000 4.410000 0.700000 0.980000
1047 0 19 3.850000 1.470000 0.700000 0.980000
1048 0 23 3.850000 5.390000 0.700000 0.980000
1049 0 18 3.850000 0.490000 0.700000 0.980000
1050 0 21 3.150000 3.430000 0.700000 0.980000
1051 0 20 3.150000 2.450000 0.700000 0.980000
1052 0 22 3.150000 4.410000 0.700000 0.980000
1053 0 19 3.150000 1.470000 0.700000 0.980000
1054 0 23 3.150000 5.390000 0.700000 0.980000
1055 0 18 3.150000 0.490000 0.700000 0.980000
1056 0 21 2.450000 3.430000 0.700000 0.980000
1057 0 20 2.450000 2.450000 0.700000 0.980000
1058 0 22 2.450000 4.410000 0.700000 0.980000
1059 0 19 2.450000 1.470000 0.700000 0.980000
1060 0 23 2.450000 5.390000 0.700000 0.980000
1061 0 18 2.450000 0.490000 0.700000 0.980000
1062 0 21 1.750000 3.430000 0.700000 0.980000
1063 0 20 1.750000 2.450000 0.700000 0.980000
1064 0 22 1.750000 4.410000 0.700000 0.980000
1065 0 19 1.750000 1.470000 0.700000 0.980000
1066 0 23 1.750000 5.390000 0.700000 0.980000
1067 0 18 1.750000 0.490000 0.700000 0.980000
1068 0 21 1.050000 3.430000 0.700000 0.980000
1069 0 20 1.050000 2.450000 0.700000 0.980000
1070 0 22 1.050000 4.410000 0.700000 0.980000
1071 0 19 1.050000 1.470000 0.700000 0.980000
1072 0 23 1.050000 5.390000 0.700000 0.980000
1073 0 18 1.050000 0.490000 0.700000 0.980000
1074 0 21 0.350000 3.430000 0.700000 0.980000
1075 0 20 0.350000 2.450000 0.700000 0.980000
1076 0 22 0.350000 4.410000 0.700000 0.980000
1077 0 19 0.350000 1.470000 0.700000 0.980000
1078 0 23 0.350000 5.390000 0.700000 0.980000
1079 0 18 0.350000 0.490000 0.700000 0.980000
1080 0 21 16.449999 3.430000 0.700000 0.980000
1081 0 20 16.449999 2.450000 0.700000 0.980000
1082 0 22 16.449999 4.410000 0.700000 0.980000
1083 0 19 16.449999 1.470000 0.700000 0.980000
1084 0 23 16.449999 5.390000 0.700000 0.980000
1085 0 18 16.449999 0.490000 0.700000 0.980000
1086 0 21 15.750000 3.430000 0.700000 0.980000
1087 0 20 15.750000 2.450000 0.700000 0.980000
1088 0 22 15.750000 4.410000 0.700000 0.980000
1089 0 19 15.750000 1.470000 0.700000 0.980000
1090 0 23 15.750000 5.390000 0.700000 0.980000
1091 0 18 15.750000 0.490000 0.700000 0.980000
1092 0 21 15.050000 3.430000 0.700000 0.980000
1093 0 20 15.050000 2.450000 0.700000 0.980000
1094 0 22 15.050000 4.410000 0.700000 0.980000
1095 0 19 15.050000 1.470000 0.700000 0.980000
1096 0 23 15.050000 5.390000 0.700000 0.980000
1097 0 18 15.050000 0.490000 0.700000 0.980000
1098 0 21 14.349999 3.430000 0.700000 0.980000
1099 0 20 14.349999 2.450000 0.700000 0.980000
1100 0 22 14.349999 4.410000 0.700000 0.980000
1101 0 19 14.349999 1.470000 0.700000 0.980000
1102 0 23 14.349999 5.390000 0.700000 0.980000
1103 0 18 14.349999 0.490000 0.700000 0.980000
1104 0 21 13.650000 3.430000 0.700000 0.980000
1105 0 20 13.650000 2.450000 0.700000 0.980000
1106 0 22 13.650000 4.410000 0.700000 0.980000
1107 0 19 13.650000 1.470000 0.700000 0.980000
1108 0 23 13.650000 5.390000 0.700000 0.980000
1109 0 18 13.650000 0.490000 0.700000 0.980000
1110 0 21 12.950000 3.430000 0.700000 0.980000
1111 0 20 12.950000 2.450000 0.700000 0.980000
1112 0 22 12.950000 4.410000 0.700000 0.980000
1113 0 19 12.950000 1.470000 0.700000 0.980000
1114 0 23 12.950000 5.390000 0.700000 0.980000
1115 0 18 12.950000 0.490000 0.700000 0.980000
1116 0 21 12.250000 3.430000 0.700000 0.980000
1117 0 20 12.250000 2.450000 0.700000 0.980000
1118 0 22 12.250000 4.410000 0.700000 0.980000
1119 0 19 12.250000 1.470000 0.700000 0.980000
1120 0 23 12.250000 5.390000 0.700000 0.980000
1121 0 18 12.250000 0.490000 0.700000 0.980000
1122 0 21 11.550000 3.430000 0.700000 0.980000
1123 0 20 11.550000 2.450000 0.700000 0.980000
1124 0 22 11.550000 4.410000 0.700000 0.980000
1125 0 19 11.550000 1.470000 0.700000 0.980000
1126 0 23 11.550000 5.390000 0.700000 0.980000
1127 0 18 11.550000 0.490000 0.700000 0.980000
1128 0 21 10.849999 3.430000 0.700000 0.980000
1129 0 20 10.849999 2.450000 0.700000 0.980000
1130 0 22 10.849999 4.410000 0.700000 0.980000
1131 0 19 10.849999 1.470000 0.700000 0.980000
1132 0 23 10.849999 5.390000 0.700000 0.980000
1133 0 18 10.849999 0.490000 0.700000 0.980000
1134 0 21 10.150000 3.430000 0.700000 0.980000
1135 0 20 10.150000 2.450000 0.700000 0.980000
1136 0 22 10.150000 4.410000 0.700000 0.980000
1137 0 19 10.150000 1.470000 0.700000 0.980000
1138 0 23 10.150000 5.390000 0.700000 0.980000
1139 0 18 10.150000 0.490000 0.700000 0.980000
1140 0 21 9.450000 3.430000 0.700000 0.980000
1141 0 20 9.450000 2.450000 0.700000 0.980000
1142 0 22 9.450000 4.410000 0.700000 0.980000
1143 0 19 9.450000 1.470000 0.700000 0.980000
1144 0 23 9.450000 5.390000 0.700000 0.980000
1145 0 18 9.450000 0.490000 0.700000 0.980000
1146 0 21 8.750000 3.430000 0.700000 0.980000
1147 0 20 8.750000 2.450000 0.700000 0.980000
1148 0 22 8.750000 4.410000 0.700000 0.980000
1149 0 19 8.750000 1.470000 0.700000 0.980000
1150 0 23 8.750000 5.390000 0.700000 0.980000
1151 0 18 8.750000 0.490000 0.700000 0.980000
1152 0 29 -8.750000 11.270000 0.700000 0.980000
1153 0 24 -8.750000 6.370000 0.700000 0.980000
1154 0 28 -8.750000 10.290000 0.700000 0.980000
1155 0 25 -8.750000 7.350000 0.700000 0.980000
1156 0 27 -8.750000 9.310000 0.700000 0.980000
1157 0 26 -8.750000 8.330000 0.700000 0.980000
1158 0 29 -9.450000 11.270000 0.700000 0.980000
1159 0 24 -9.450000 6.370000 0.700000 0.980000
1160 0 28 -9.450000 10.290000 0.700000 0.980000
1161 0 25 -9.450000 7.350000 0.700000 0.980000
1162 0 27 -9.450000 9.310000 0.700000 0.980000
1163 0 26 -9.450000 8.330000 0.700000 0.980000
1164 0 29 -10.150000 11.270000 0.700000 0.980000
1165 0 24 -10.150000 6.370000 0.700000 0.980000
1166 0 28 -10.150000 10.290000 0.700000 0.980000
1167 0 25 -10.150000 7.350000 0.700000 0.980000
1168 0 27 -10.150000 9.310000 0.700000 0.980000
1169 0 26 -10.150000 8.330000 0.700000 0.980000
1170 0 29 -10.849999 11.270000 0.700000 0.980000
1171 0 24 -10.849999 6.370000 0.700000 0.980000
1172 0 28 -10.849999 10.290000 0.700000 0.980000
1173 0 25 -10.849999 7.350000 0.700000 0.980000
1174 0 27 -10.849999 9.310000 0.700000 0.980000
1175 0 26 -10.849999 8.330000 0.700000 0.980000
1176 0 29 -11.550000 11.270000 0.700000 0.980000
1177 0 24 -11.550000 6.370000 0.700000 0.980000
1178 0 28 -11.550000 10.290000 0.700000 0.980000
1179 0 25 -11.550000 7.350000 0.700000 0.980000
1180 0 27 -11.550000 9.310000 0.700000 0.980000
1181 0 26 -11.550000 8.330000 0.700000 0.980000
1182 0 29 -12.250000 11.270000 0.700000 0.980000
1183 0 24 -12.250000 6.370000 0.700000 0.980000
1184 0 28 -12.250000 10.290000 0.700000 0.980000
1185 0 25 -12.250000 7.350000 0.700000 0.980000
1186 0 27 -12.250000 9.310000 0.700000 0.980000
1187 0 26 -12.250000 8.330000 0.700000 0.980000
1188 0 29 -12.950000 11.270000 0.700000 0.980000
1189 0 24 -12.950000 6.370000 0.700000 0.980000
1190 0 28 -12.950000 10.290000 0.700000 0.980000
1191 0 25 -12.950000 7.350000 0.700000 0.980000
1192 0 27 -12.950000 9.310000 0.700000 0.980000
1193 0 26 -12.950000 8.330000 0.700000 0.980000
1194 0 29 -13.650000 11.270000 0.700000 0.980000
1195 0 24 -13.650000 6.370000 0.700000 0.980000
1196 0 28 -13.650000 10.290000 0.700000 0.980000
1197 0 25 -13.650000 7.350000 0.700000 0.980000
1198 0 27 -13.650000 9.310000 0.700000 0.980000
1199 0 26 -13.650000 8.330000 0.700000 0.980000
1200 0 29 -14.349999 11.270000 0.700000 0.980000
1201 0 24 -14.349999 6.370000 0.700000 0.980000
1202 0 28 -14.349999 10.290000 0.700000 0.980000
1203 0 25 -14.349999 7.350000 0.700000 0.980000
1204 0 27 -14.349999 9.310000 0.700000 0.980000
1205 0 26 -14.349999 8.330000 0.700000 0.980000
1206 0 29 -15.050000 11.270000 0.700000 0.980000
1207 0 24 -15.050000 6.370000 0.700000 0.980000
1208 0 28 -15.050000 10.290000 0.700000 0.980000
1209 0 25 -15.050000 7.350000 0.700000 0.980000
1210 0 27 -15.050000 9.310000 0.700000 0.980000
1211 0 26 -15.050000 8.330000 0.700000 0.980000
1212 0 29 -15.750000 11.270000 0.700000 0.980000
1213 0 24 -15.750000 6.370000 0.700000 0.980000
1214 0 28 -15.750000 10.290000 0.700000 0.980000
1215 0 25 -15.750000 7.350000 0.700000 0.980000
1216 0 27 -15.750000 9.310000 0.700000 0.980000
1217 0 26 -15.750000 8.330000 0.700000 0.980000
1218 0 29 -16.449999 11.270000 0.700000 0.980000
1219 0 24 -16.449999 6.370000 0.700000 0.980000
1220 0 28 -16.449999 10.290000 0.700000 0.980000
1221 0 25 -16.449999 7.350000 0.700000 0.980000
1222 0 27 -16.449999 9.310000 0.700000 0.980000
1223 0 26 -16.449999 8.330000 0.700000 0.980000
1224 0 29 -0.350000 11.270000 0.700000 0.980000
1225 0 24 -0.350000 6.370000 0.700000 0.980000
1226 0 28 -0.350000 10.290000 0.700000 0.980000
1227 0 25 -0.350000 7.350000 0.700000 0.980000
1228 0 27 -0.350000 9.310000 0.700000 0.980000
1229 0 26 -0.350000 8.330000 0.700000 0.980000
1230 0 29 -1.050000 11.270000 0.700000 0.980000
1231 0 24 -1.050000 6.370000 0.700000 0.980000
1232 0 28 -1.050000 10.290000 0.700000 0.980000
1233 0 25 -1.050000 7.350000 0.700000 0.980000
1234 0 27 -1.050000 9.310000 0.700000 0.980000
1235 0 26 -1.050000 8.330000 0.700000 0.980000
1236 0 29 -1.750000 11.270000 0.700000 0.980000
1237 0 24 -1.750000 6.370000 0.700000 0.980000
1238 0 28 -1.750000 10.290000 0.700000 0.980000
1239 0 25 -1.750000 7.350000 0.700000 0.980000
1240 0 27 -1.750000 9.310000 0.700000 0.980000
1241 0 26 -1.750000 8.330000 0.700000 0.980000
1242 0 29 -2.450000 11.270000 0.700000 0.980000
1243 0 24 -2.450000 6.370000 0.700000 0.980000
1244 0 28 -2.450000 10.290000 0.700000 0.980000
1245 0 25 -2.450000 7.350000 0.700000 0.980000
1246 0 27 -2.450000 9.310000 0.700000 0.980000
1247 0 26 -2.450000 8.330000 0.700000 0.980000
1248 0 29 -3.150000 11.270000 0.700000 0.980000
1249 0 24 -3.150000 6.370000 0.700000 0.980000
1250 0 28 -3.150000 10.290000 0.700000 0.980000
1251 0 25 -3.150000 7.350000 0.700000 0.980000
1252 0 27 -3.150000 9.310000 0.700000 0.980000
1253 0 26 -3.150000 8.330000 0.700000 0.980000
1254 0 29 -3.850000 11.270000 0.700000 0.980000
1255 0 24 -3.850000 6.370000 0.700000 0.980000
1256 0 28 -3.850000 10.290000 0.700000 0.980000
1257 0 25 -3.850000 7.350000 0.700000 0.980000
1258 0 27 -3.850000 9.310000 0.700000 0.980000
1259 0 26 -3.850000 8.330000 0.700000 0.980000
1260 0 29 -4.550000 11.270000 0.700000 0.980000
1261 0 24 -4.550000 6.370000 0.700000 0.980000
1262 0 28 -4.550000 10.290000 0.700000 0.980000
1263 0 25 -4.550000 7.350000 0.700000 0.980000
1264 0 27 -4.550000 9.310000 0.700000 0.980000
1265 0 26 -4.550000 8.330000 0.700000 0.980000
1266 0 29 -5.250000 11.270000 0.700000 0.980000
1267 0 24 -5.250000 6.370000 0.700000 0.980000
1268 0 28 -5.250000 10.290000 0.700000 0.980000
1269 0 25 -5.250000 7.350000 0.700000 0.980000
1270 0 27 -5.250000 9.310000 0.700000 0.980000
1271 0 26 -5.250000 8.330000 0.700000 0.980000
1272 0 29 -5.950000 11.270000 0.700000 0.980000
1273 0 24 -5.950000 6.370000 0.700000 0.980000
1274 0 28 -5.950000 10.290000 0.700000 0.980000
1275 0 25 -5.950000 7.350000 0.700000 0.980000
1276 0 27 -5.950000 9.310000 0.700000 0.980000
1277 0 26 -5.950000 8.330000 0.700000 0.980000
1278 0 29 -6.650000 11.270000 0.700000 0.980000
1279 0 24 -6.650000 6.370000 0.700000 0.980000
1280 0 28 -6.650000 10.290000 0.700000 0.980000
1281 0 25 -6.650000 7.350000 0.700000 0.980000
1282 0 27 -6.650000 9.310000 0.700000 0.980000
1283 0 26 -6.650000 8.330000 0.700000 0.980000
1284 0 29 -7.350000 11.270000 0.700000 0.980000
1285 0 24 -7.350000 6.370000 0.700000 0.980000
1286 0 28 -7.350000 10.290000 0.700000 0.980000
1287 0 25 -7.350000 7.350000 0.700000 0.980000
1288 0 27 -7.350000 9.310000 0.700000 0.980000
1289 0 26 -7.350000 8.330000 0.700000 0.980000
1290 0 29 -8.050000 11.270000 0.700000 0.980000
1291 0 24 -8.050000 6.370000 0.700000 0.980000
1292 0 28 -8.050000 10.290000 0.700000 0.980000
1293 0 25 -8.050000 7.350000 0.700000 0.980000
1294 0 27 -8.050000 9.310000 0.700000 0.980000
1295 0 26 -8.050000 8.330000 0.700000 0.980000
1296 0 27 8.050000 9.310000 0.700000 0.980000
1297 0 26 8.050000 8.330000 0.700000 0.980000
1298 0 28 8.050000 10.290000 0.700000 0.980000
1299 0 25 8.050000 7.350000 0.700000 0.980000
1300 0 29 8.050000 11.270000 0.700000 0.980000
1301 0 24 8.050000 6.370000 0.700000 0.980000
1302 0 27 7.350000 9.310000 0.700000 0.980000
1303 0 26 7.350000 8.330000 0.700000 0.980000
1304 0 28 7.350000 10.290000 0.700000 0.980000
1305 0 25 7.350000 7.350000 0.700000 0.980000
1306 0 29 7.350000 11.270000 0.700000 0.980000
1307 0 24 7.350000 6.370000 0.700000 0.980000
1308 0 27 6.650000 9.310000 0.700000 0.980000
1309 0 26 6.650000 8.330000 0.700000 0.980000
1310 0 28 6.650000 10.290000 0.700000 0.980000
1311 0 25 6.650000 7.350000 0.700000 0.980000
1312 0 29 6.650000 11.270000 0.700000 0.980000
1313 0 24 6.650000 6.370000 0.700000 0.980000
1314 0 27 5.950000 9.310000 0.700000 0.980000
1315 0 26 5.950000 8.330000 0.700000 0.980000
1316 0 28 5.950000 10.290000 0.700000 0.980000
1317 0 25 5.950000 7.350000 0.700000 0.980000
1318 0 29 5.950000 11.270000 0.700000 0.980000
1319 0 24 5.950000 6.370000 0.700000 0.980000
1320 0 27 5.250000 9.310000 0.700000 0.980000
1321 0 26 5.250000 8.330000 0.700000 0.980000
1322 0 28 5.250000 10.290000 0.700000 0.980000
1323 0 25 5.250000 7.350000 0.700000 0.980000
1324 0 29 5.250000 11.270000 0.700000 0.980000
1325 0 24 5.250000 6.370000 0.700000 0.980000
1326 0 27 4.550000 9.310000 0.700000 0.980000
1327 0 26 4.550000 8.330000 0.700000 0.980000
1328 0 28 4.550000 10.290000 0.700000 0.980000
1329 0 25 4.550000 7.350000 0.700000 0.980000
1330 0 29 4.550000 11.270000 0.700000 0.980000
1331 0 24 4.550000 6.370000 0.700000 0.980000
1332 0 27 3.850000 9.310000 0.700000 0.980000
1333 0 26 3.850000 8.330000 0.700000 0.980000
1334 0 28 3.850000 10.290000 0.700000 0.980000
1335 0 25 3.850000 7.350000 0.700000 0.980000
1336 0 29 3.850000 11.270000 0.700000 0.980000
1337 0 24 3.850000 6.370000 0.700000 0.980000
1338 0 27 3.150000 9.310000 0.700000 0.980000
1339 0 26 3.150000 8.330000 0.700000 0.980000
1340 0 28 3.150000 10.290000 0.700000 0.980000
1341 0 25 3.150000 7.350000 0.700000 0.980000
1342 0 29 3.150000 11.270000 0.700000 0.980000
1343 0 24 3.150000 6.370000 0.700000 0.980000
1344 0 27 2.450000 9.310000 0.700000 0.980000
1345 0 26 2.450000 8.330000 0.700000 0.980000
1346 0 28 2.450000 10.290000 0.700000 0.980000
1347 0 25 2.450000 7.350000 0.700000 0.980000
1348 0 29 2.450000 11.270000 0.700000 0.980000
1349 0 24 2.450000 6.370000 0.700000 0.980000
1350 0 27 1.750000 9.310000 0.700000 0.980000
1351 0 26 1.750000 8.330000 0.700000 0.980000
1352 0 28 1.750000 10.290000 0.700000 0.980000
1353 0 25 1.750000 7.350000 0.700000 0.980000
1354 0 29 1.750000 11.270000 0.700000 0.980000
1355 0 24 1.750000 6.370000 0.700000 0.980000
1356 0 27 1.050000 9.310000 0.700000 0.980000
1357 0 26 1.050000 8.330000 0.700000 0.980000
1358 0 28 1.050000 10.290000 0.700000 0.980000
1359 0 25 1.050000 7.350000 0.700000 0.980000
1360 0 29 1.050000 11.270000 0.700000 0.980000
1361 0 24 1.050000 6.370000 0.700000 0.980000
1362 0 27 0.350000 9.310000 0.700000 0.980000
1363 0 26 0.350000 8.330000 0.700000 0.980000
1364 0 28 0.350000 10.290000 0.700000 0.980000
1365 0 25 0.350000 7.350000 0.700000 0.980000
1366 0 29 0.350000 11.270000 0.700000 0.980000
1367 0 24 0.350000 6.370000 0.700000 0.980000
1368 0 27 16.449999 9.310000 0.700000 0.980000
1369 0 26 16.449999 8.330000 0.700000 0.980000
1370 0 28 16.449999 10.290000 0.700000 0.980000
1371 0 25 16.449999 7.350000 0.700000 0.980000
1372 0 29 16.449999 11.270000 0.700000 0.980000
1373 0 24 16.449999 6.370000 0.700000 0.980000
1374 0 27 15.750000 9.310000 0.700000 0.980000
1375 0 26 15.750000 8.330000 0.700000 0.980000
1376 0 28 15.750000 10.290000 0.700000 0.980000
1377 0 25 15.750000 7.350000 0.700000 0.980000
1378 0 29 15.750000 11.270000 0.700000 0.980000
1379 0 24 15.750000 6.370000 0.700000 0.980000
1380 0 27 15.050000 9.310000 0.700000 0.980000
1381 0 26 15.050000 8.330000 0.700000 0.980000
1382 0 28 15.050000 10.290000 0.700000 0.980000
1383 0 25 15.050000 7.350000 0.700000 0.980000
1384 0 29 15.050000 11.270000 0.700000 0.980000
1385 0 24 15.050000 6.370000 0.700000 0.980000
1386 0 27 14.349999 9.310000 0.700000 0.980000
1387 0 26 14.349999 8.330000 0.700000 0.980000
1388 0 28 14.349999 10.290000 0.700000 0.980000
1389 0 25 14.349999 7.350000 0.700000 0.980000
1390 0 29 14.349999 11.270000 0.700000 0.980000
1391 0 24 14.349999 6.370000 0.700000 0.980000
1392 0 27 13.650000 9.310000 0.700000 0.980000
1393 0 26 13.650000 8.330000 0.700000 0.980000
1394 0 28 13.650000 10.290000 0.700000 0.980000
1395 0 25 13.650000 7.350000 0.700000 0.980000
1396 0 29 13.650000 11.270000 0.700000 0.980000
1397 0 24 13.650000 6.370000 0.700000 0.980000
1398 0 27 12.950000 9.310000 0.700000 0.980000
1399 0 26 12.950000 8.330000 0.700000 0.980000
1400 0 28 12.950000 10.290000 0.700000 0.980000
1401 0 25 12.950000 7.350000 0.700000 0.980000
1402 0 29 12.950000 11.270000 0.700000 0.980000
1403 0 24 12.950000 6.370000 0.700000 0.980000
1404 0 27 12.250000 9.310000 0.700000 0.980000
1405 0 26 12.250000 8.330000 0.700000 0.980000
1406 0 28 12.250000 10.290000 0.700000 0.980000
1407 0 25 12.250000 7.350000 0.700000 0.980000
1408 0 29 12.250000 11.270000 0.700000 0.980000
1409 0 24 12.250000 6.370000 0.700000 0.980000
1410 0 27 11.550000 9.310000 0.700000 0.980000
1411 0 26 11.550000 8.330000 0.700000 0.980000
1412 0 28 11.550000 10.290000 0.700000 0.980000
1413 0 25 11.550000 7.350000 0.700000 0.980000
1414 0 29 11.550000 11.270000 0.700000 0.980000
1415 0 24 11.550000 6.370000 0.700000 0.980000
1416 0 27 10.849999 9.310000 0.700000 0.980000
1417 0 26 10.849999 8.330000 0.700000 0.980000
1418 0 28 10.849999 10.290000 0.700000 0.980000
1419 0 25 10.849999 7.350000 0.700000 0.980000
1420 0 29 10.849999 11.270000 0.700000 0.980000
1421 0 24 10.849999 6.370000 0.700000 0.980000
1422 0 27 10.150000 9.310000 0.700000 0.980000
1423 0 26 10.150000 8.330000 0.700000 0.980000
1424 0 28 10.150000 10.290000 0.700000 0.980000
1425 0 25 10.150000 7.350000 0.700000 0.980000
1426 0 29 10.150000 11.270000 0.700000 0.980000
1427 0 24 10.150000 6.370000 0.700000 0.980000
1428 0 27 9.450000 9.310000 0.700000 0.980000
1429 0 26 9.450000 8.330000 0.700000 0.980000
1430 0 28 9.450000 10.290000 0.700000 0.980000
1431 0 25 9.450000 7.350000 0.700000 0.980000
1432 0 29 9.450000 11.270000 0.700000 0.980000
1433 0 24 9.450000 6.370000 0.700000 0.980000
1434 0 27 8.750000 9.310000 0.700000 0.980000
1435 0 26 8.750000 8.330000 0.700000 0.980000
1436 0 28 8.750000 10.290000 0.700000 0.980000
1437 0 25 8.750000 7.350000 0.700000 0.980000
1438 0 29 8.750000 11.270000 0.700000 0.980000
1439 0 24 8.750000 6.370000 0.700000 0.980000
1440 0 35 -8.750000 17.150000 0.700000 0.980000
1441 0 30 -8.750000 12.250000 0.700000 0.980000
1442 0 34 -8.750000 16.170000 0.700000 0.980000
1443 0 31 -8.750000 13.230000 0.700000 0.980000
1444 0 33 -8.750000 15.190001 0.700000 0.980000
1445 0 32 -8.750000 14.210000 0.700000 0.980000
1446 0 35 -9.450000 17.150000 0.700000 0.980000
1447 0 30 -9.450000 12.250000 0.700000 0.980000
1448 0 34 -9.450000 16.170000 0.700000 0.980000
1449 0 31 -9.450000 13.230000 0.700000 0.980000
1450 0 33 -9.450000 15.190001 0.700000 0.980000
1451 0 32 -9.450000 14.210000 0.700000 0.980000
1452 0 35 -10.150000 17.150000 0.700000 0.980000
1453 0 30 -10.150000 12.250000 0.700000 0.980000
1454 0 34 -10.150000 16.170000 0.700000 0.980000
1455 0 31 -10.150000 13.230000 0.700000 0.980000
1456 0 33 -10.150000 15.190001 0.700000 0.980000
1457 0 32 -10.150000 14.210000 0.700000 0.980000
1458 0 35 -10.849999 17.150000 0.700000 0.980000
1459 0 30 -10.849999 12.250000 0.700000 0.980000
1460 0 34 -10.849999 16.170000 0.700000 0.980000
1461 0 31 -10.849999 13.230000 0.700000 0.980000
1462 0 33 -10.849999 15.190001 0.700000 0.980000
1463 0 32 -10.849999 14.210000 0.700000 0.980000
1464 0 35 -11.550000 17.150000 0.700000 0.980000
1465 0 30 -11.550000 12.250000 0.700000 0.980000
1466 0 34 -11.550000 16.170000 0.700000 0.980000
1467 0 31 -11.550000 13.230000 0.700000 0.980000
1468 0 33 -11.550000 15.190001 0.700000 0.980000
1469 0 32 -11.550000 14.210000 0.700000 0.980000
1470 0 35 -12.250000 17.150000 0.700000 0.980000
1471 0 30 -12.250000 12.250000 0.700000 0.980000
1472 0 34 -12.250000 16.170000 0.700000 0.980000
1473 0 31 -12.250000 13.230000 0.700000 0.980000
1474 0 33 -12.250000 15.190001 0.700000 0.980000
1475 0 32 -12.250000 14.210000 0.700000 0.980000
1476 0 35 -12.950000 17.150000 0.700000 0.980000
1477 0 30 -12.950000 12.250000 0.700000 0.980000
1478 0 34 -12.950000 16.170000 0.700000 0.980000
1479 0 31 -12.950000 13.230000 0.700000 0.980000
1480 0 33 -12.950000 15.190001 0.700000 0.980000
1481 0 32 -12.950000 14.210000 0.700000 0.980000
1482 0 35 -13.650000 17.150000 0.700000 0.980000
1483 0 30 -13.650000 12.250000 0.700000 0.980000
1484 0 34 -13.650000 16.170000 0.700000 0.980000
1485 0 31 -13.650000 13.230000 0.700000 0.980000
1486 0 33 -13.650000 15.190001 0.700000 0.980000
1487 0 32 -13.650000 14.210000 0.700000 0.980000
1488 0 35 -14.349999 17.150000 0.700000 0.980000
1489 0 30 -14.349999 12.250000 0.700000 0.980000
1490 0 34 -14.349999 16.170000 0.700000 0.980000
1491 0 31 -14.349999 13.230000 0.700000 0.980000
1492 0 33 -14.349999 15.190001 0.700000 0.980000
1493 0 32 -14.349999 14.210000 0.700000 0.980000
1494 0 35 -15.050000 17.150000 0.700000 0.980000
1495 0 30 -15.050000 12.250000 0.700000 0.980000
1496 0 34 -15.050000 16.170000 0.700000 0.980000
1497 0 31 -15.050000 13.230000 0.700000 0.980000
1498 0 33 -15.050000 15.190001 0.700000 0.980000
1499 0 32 -15.050000 14.210000 0.700000 0.980000
1500 0 35 -15.750000 17.150000 0.700000 0.980000
1501 0 30 -15.750000 12.250000 0.700000 0.980000
1502 0 34 -15.750000 16.170000 0.700000 0.980000
1503 0 31 -15.750000 13.230000 0.700000 0.980000
1504 0 33 -15.750000 15.190001 0.700000 0.980000
1505 0 32 -15.750000 14.210000 0.700000 0.980000
1506 0 35 -16.449999 17.150000 0.700000 0.980000
1507 0 30 -16.449999 12.250000 0.700000 0.980000
1508 0 34 -16.449999 16.170000 0.700000 0.980000
1509 0 31 -16.449999 13.230000 0.700000 0.980000
1510 0 33 -16.449999 15.190001 0.700000 0.980000
1511 0 32 -16.449999 14.210000 0.700000 0.980000
1512 0 35 -0.350000 17.150000 0.700000 0.980000
1513 0 30 -0.350000 12.250000 0.700000 0.980000
1514 0 34 -0.350000 16.170000 0.700000 0.980000
1515 0 31 -0.350000 13.230000 0.700000 0.980000
1516 0 33 -0.350000 15.190001 0.700000 0.980000
1517 0 32 -0.350000 14.210000 0.700000 0.980000
1518 0 35 -1.050000 17.150000 0.700000 0.980000
1519 0 30 -1.050000 12.250000 0.700000 0.980000
1520 0 34 -1.050000 16.170000 0.700000 0.980000
1521 0 31 -1.050000 13.230000 0.700000 0.980000
1522 0 33 -1.050000 15.190001 0.700000 0.980000
1523 0 32 -1.050000 14.210000 0.700000 0.980000
1524 0 35 -1.750000 17.150000 0.700000 0.980000
1525 0 30 -1.750000 12.250000 0.700000 0.980000
1526 0 34 -1.750000 16.170000 0.700000 0.980000
1527 0 31 -1.750000 13.230000 0.700000 0.980000
1528 0 33 -1.750000 15.190001 0.700000 0.980000
1529 0 32 -1.750000 14.210000 0.700000 0.980000
1530 0 35 -2.450000 17.150000 0.700000 0.980000
1531 0 30 -2.450000 12.250000 0.700000 0.980000
1532 0 34 -2.450000 16.170000 0.700000 0.980000
1533 0 31 -2.450000 13.230000 0.700000 0.980000
1534 0 33 -2.450000 15.190001 0.700000 0.980000
1535 0 32 -2.450000 14.210000 0.700000 0.980000
1536 0 35 -3.150000 17.150000 0.700000 0.980000
1537 0 30 -3.150000 12.250000 0.700000 0.980000
1538 0 34 -3.150000 16.170000 0.700000 0.980000
1539 0 31 -3.150000 13.230000 0.700000 0.980000
1540 0 33 -3.150000 15.190001 0.700000 0.980000
1541 0 32 -3.150000 14.210000 0.700000 0.980000
1542 0 35 -3.850000 17.150000 0.700000 0.980000
1543 0 30 -3.850000 12.250000 0.700000 0.980000
1544 0 34 -3.850000 16.170000 0.700000 0.980000
1545 0 31 -3.850000 13.230000 0.700000 0.980000
1546 0 33 -3.850000 15.190001 0.700000 0.980000
1547 0 32 -3.850000 14.210000 0.700000 0.980000
1548 0 35 -4.550000 17.150000 0.700000 0.980000
1549 0 30 -4.550000 12.250000 0.700000 0.980000
1550 0 34 -4.550000 16.170000 0.700000 0.980000
1551 0 31 -4.550000 13.230000 0.700000 0.980000
1552 0 33 -4.550000 15.190001 0.700000 0.980000
1553 0 32 -4.550000 14.210000 0.700000 0.980000
1554 0 35 -5.250000 17.150000 0.700000 0.980000
1555 0 30 -5.250000 12.250000 0.700000 0.980000
1556 0 34 -5.250000 16.170000 0.700000 0.980000
1557 0 31 -5.250000 13.230000 0.700000 0.980000
1558 0 33 -5.250000 15.190001 0.700000 0.980000
1559 0 32 -5.250000 14.210000 0.700000 0.980000
1560 0 35 -5.950000 17.150000 0.700000 0.980000
1561 0 30 -5.950000 12.250000 0.700000 0.980000
1562 0 34 -5.950000 16.170000 0.700000 0.980000
1563 0 31 -5.950000 13.230000 0.700000 0.980000
1564 0 33 -5.950000 15.190001 0.700000 0.980000
1565 0 32 -5.950000 14.210000 0.700000 0.980000
1566 0 35 -6.650000 17.150000 0.700000 0.980000
1567 0 30 -6.650000 12.250000 0.700000 0.980000
1568 0 34 -6.650000 16.170000 0.700000 0.980000
1569 0 31 -6.650000 13.230000 0.700000 0.980000
1570 0 33 -6.650000 15.190001 0.700000 0.980000
1571 0 32 -6.650000 14.210000 0.700000 0.980000
1572 0 35 -7.350000 17.150000 0.700000 0.980000
1573 0 30 -7.350000 12.250000 0.700000 0.980000
1574 0 34 -7.350000 16.170000 0.700000 0.980000
1575 0 31 -7.350000 13.230000 0.700000 0.980000
1576 0 33 -7.350000 15.190001 0.700000 0.980000
1577 0 32 -7.350000 14.210000 0.700000 0.980000
1578 0 35 -8.050000 17.150000 0.700000 0.980000
1579 0 30 -8.050000 12.250000 0.700000 0.980000
1580 0 34 -8.050000 16.170000 0.700000 0.980000
1581 0 31 -8.050000 13.230000 0.700000 0.980000
1582 0 33 -8.050000 15.190001 0.700000 0.980000
1583 0 32 -8.050000 14.210000 0.700000 0.980000
1584 0 33 8.050000 15.190001 0.700000 0.980000
1585 0 32 8.050000 14.210000 0.700000 0.980000
1586 0 34 8.050000 16.170000 0.700000 0.980000
1587 0 31 8.050000 13.230000 0.700000 0.980000
1588 0 35 8.050000 17.150000 0.700000 0.980000
1589 0 30 8.050000 12.250000 0.700000 0.980000
1590 0 33 7.350000 15.190001 0.700000 0.980000
1591 0 32 7.350000 14.210000 0.700000 0.980000
1592 0 34 7.350000 16.170000 0.700000 0.980000
1593 0 31 7.350000 13.230000 0.700000 0.980000
1594 0 35 7.350000 17.150000 0.700000 0.980000
1595 0 30 7.350000 12.250000 0.700000 0.980000
1596 0 33 6.650000 15.190001 0.700000 0.980000
1597 0 32 6.650000 14.210000 0.700000 0.980000
1598 0 34 6.650000 16.170000 0.700000 0.980000
1599 0 31 6.650000 13.230000 0.700000 0.980000
1600 0 35 6.650000 17.150000 0.700000 0.980000
1601 0 30 6.650000 12.250000 0.700000 0.980000
1602 0 33 5.950000 15.190001 0.700000 0.980000
1603 0 32 5.950000 14.210000 0.700000 0.980000
1604 0 34 5.950000 16.170000 0.700000 0.980000
1605 0 31 5.950000 13.230000 0.700000 0.980000
1606 0 35 5.950000 17.150000 0.700000 0.980000
1607 0 30 5.950000 12.250000 0.700000 0.980000
1608 0 33 5.250000 15.190001 0.700000 0.980000
1609 0 32 5.250000 14.210000 0.700000 0.980000
1610 0 34 5.250000 16.170000 0.700000 0.980000
1611 0 31 5.250000 13.230000 0.700000 0.980000
1612 0 35 5.250000 17.150000 0.700000 0.980000
1613 0 30 5.250000 12.250000 0.700000 0.980000
1614 0 33 4.550000 15.190001 0.700000 0.980000
1615 0 32 4.550000 14.210000 0.700000 0.980000
1616 0 34 4.550000 16.170000 0.700000 0.980000
1617 0 31 4.550000 13.230000 0.700000 0.980000
1618 0 35 4.550000 17.150000 0.700000 0.980000
1619 0 30 4.550000 12.250000 0.700000 0.980000
1620 0 33 3.850000 15.190001 0.700000 0.980000
1621 0 32 3.850000 14.210000 0.700000 0.980000
1622 0 34 3.850000 16.170000 0.700000 0.980000
1623 0 31 3.850000 13.230000 0.700000 0.980000
1624 0 35 3.850000 17.150000 0.700000 0.980000
1625 0 30 3.850000 12.250000 0.700000 0.980000
1626 0 33 3.150000 15.190001 0.700000 0.980000
1627 0 32 3.150000 14.210000 0.700000 0.980000
1628 0 34 3.150000 16.170000 0.700000 0.980000
1629 0 31 3.150000 13.230000 0.700000 0.980000
1630 0 35 3.150000 17.150000 0.700000 0.980000
1631 0 30 3.150000 12.250000 0.700000 0.980000
1632 0 33 2.450000 15.190001 0.700000 0.980000
1633 0 32 2.450000 14.210000 0.700000 0.980000
1634 0 34 2.450000 16.170000 0.700000 0.980000
1635 0 31 2.450000 13.230000 0.700000 0.980000
1636 0 35 2.450000 17.150000 0.700000 0.980000
1637 0 30 2.450000 12.250000 0.700000 0.980000
1638 0 33 1.750000 15.190001 0.700000 0.980000
1639 0 32 1.750000 14.210000 0.700000 0.980000
1640 0 34 1.750000 16.170000 0.700000 0.980000
1641 0 31 1.750000 13.230000 0.700000 0.980000
1642 0 35 1.750000 17.150000 0.700000 0.980000
1643 0 30 1.750000 12.250000 0.700000 0.980000
1644 0 33 1.050000 15.190001 0.700000 0.980000
1645 0 32 1.050000 14.210000 0.700000 0.980000
1646 0 34 1.050000 16.170000 0.700000 0.980000
1647 0 31 1.050000 13.230000 0.700000 0.980000
1648 0 35 1.050000 17.150000 0.700000 0.980000
1649 0 30 1.050000 12.250000 0.700000 0.980000
1650 0 33 0.350000 15.190001 0.700000 0.980000
1651 0 32 0.350000 14.210000 0.700000 0.980000
1652 0 34 0.350000 16.170000 0.700000 0.980000
1653 0 31 0.350000 13.230000 0.700000 0.980000
1654 0 35 0.350000 17.150000 0.700000 0.980000
1655 0 30 0.350000 12.250000 0.700000 0.980000
1656 0 33 16.449999 15.190001 0.700000 0.980000
1657 0 32 16.449999 14.210000 0.700000 0.980000
1658 0 34 16.449999 16.170000 0.700000 0.980000
1659 0 31 16.449999 13.230000 0.700000 0.980000
1660 0 35 16.449999 17.150000 0.700000 0.980000
1661 0 30 16.449999 12.250000 0.700000 0.980000
1662 0 33 15.750000 15.190001 0.700000 0.980000
1663 0 32 15.750000 14.210000 0.700000 0.980000
1664 0 34 15.750000 16.170000 0.700000 0.980000
1665 0 31 15.750000 13.230000 0.700000 0.980000
1666 0 35 15.750000 17.150000 0.700000 0.980000
1667 0 30 15.750000 12.250000 0.700000 0.980000
1668 0 33 15.050000 15.190001 0.700000 0.980000
1669 0 32 15.050000 14.210000 0.700000 0.980000
1670 0 34 15.050000 16.170000 0.700000 0.980000
1671 0 31 15.050000 13.230000 0.700000 0.980000
1672 0 35 15.050000 17.150000 0.700000 0.980000
1673 0 30 15.050000 12.250000 0.700000 0.980000
1674 0 33 14.349999 15.190001 0.700000 0.980000
1675 0 32 14.349999 14.210000 0.700000 0.980000
1676 0 34 14.349999 16.170000 0.700000 0.980000
1677 0 31 14.349999 13.230000 0.700000 0.980000
1678 0 35 14.349999 17.150000 0.700000 0.980000
1679 0 30 14.349999 12.250000 0.700000 0.980000
1680 0 33 13.650000 15.190001 0.700000 0.980000
1681 0 32 13.650000 14.210000 0.700000 0.980000
1682 0 34 13.650000 16.170000 0.700000 0.980000
1683 0 31 13.650000 13.230000 0.700000 0.980000
1684 0 35 13.650000 17.150000 0.700000 0.980000
1685 0 30 13.650000 12.250000 0.700000 0.980000
1686 0 33 12.950000 15.190001 0.700000 0.980000
1687 0 32 12.950000 14.210000 0.700000 0.980000
1688 0 34 12.950000 16.170000 0.700000 0.980000
1689 0 31 12.950000 13.230000 0.700000 0.980000
1690 0 35 12.950000 17.150000 0.700000 0.980000
1691 0 30 12.950000 12.250000 0.700000 0.980000
1692 0 33 12.250000 15.190001 0.700000 0.980000
1693 0 32 12.250000 14.210000 0.700000 0.980000
1694 0 34 12.250000 16.170000 0.700000 0.980000
1695 0 31 12.250000 13.230000 0.700000 0.980000
1696 0 35 12.250000 17.150000 0.700000 0.980000
1697 0 30 12.250000 12.250000 0.700000 0.980000
1698 0 33 11.550000 15.190001 0.700000 0.980000
1699 0 32 11.550000 14.210000 0.700000 0.980000
1700 0 34 11.550000 16.170000 0.700000 0.980000
1701 0 31 11.550000 13.230000 0.700000 0.980000
1702 0 35 11.550000 17.150000 0.700000 0.980000
1703 0 30 11.550000 12.250000 0.700000 0.980000
1704 0 33 10.849999 15.190001 0.700000 0.980000
1705 0 32 10.849999 14.210000 0.700000 0.980000
1706 0 34 10.849999 16.170000 0.700000 0.980000
1707 0 31 10.849999 13.230000 0.700000 0.980000
1708 0 35 10.849999 17.150000 0.700000 0.980000
1709 0 30 10.849999 12.250000 0.700000 0.980000
1710 0 33 10.150000 15.190001 0.700000 0.980000
1711 0 32 10.150000 14.210000 0.700000 0.980000
1712 0 34 10.150000 16.170000 0.700000 0.980000
1713 0 31 10.150000 13.230000 0.700000 0.980000
1714 0 35 10.150000 17.150000 0.700000 0.980000
1715 0 30 10.150000 12.250000 0.700000 0.980000
1716 0 33 9.450000 15.190001 0.700000 0.980000
1717 0 32 9.450000 14.210000 0.700000 0.980000
1718 0 34 9.450000 16.170000 0.700000 0.980000
1719 0 31 9.450000 13.230000 0.700000 0.980000
1720 0 35 9.450000 17.150000 0.700000 0.980000
1721 0 30 9.450000 12.250000 0.700000 0.980000
1722 0 33 8.750000 15.190001 0.700000 0.980000
1723 0 32 8.750000 14.210000 0.700000 0.980000
1724 0 34 8.750000 16.170000 0.700000 0.980000
1725 0 31 8.750000 13.230000 0.700000 0.980000
1726 0 35 8.750000 17.150000 0.700000 0.980000
1727 0 30 8.750000 12.250000 0.700000 0.980000