#                                          
# MAP for Data Channel to Layout (Row,Col) 
#                                          
# Convention:                              
#    - Looking at the Pad Surface          
#    - Lower-Left corner is (0,0)          
#                                          
# Create by Yun-Ha using David's Map      
#                                          
# NOTE:                                    
#  pad at 20,65 is for HW
#  pad at 20,64 is for HW
#
#  They are assigned to 72 and 73 manually
#
#--------------------------------------------           
# Row Col PhysChan/HistoID                         
#--------------------------------------------           
   0   0    1595
   0   1    1593
   0   2    1591
   0   3    1589
   0   4    1587
   0   5    1585
   0   6    1657
   0   7    1659
   0   8    1661
   0   9    1663
   0  10    1665
   0  11    1667
   0  12    1307
   0  13    1297
   0  14    1299
   0  15    1301
   0  16    1303
   0  17    1305
   0  18    1383
   0  19    1385
   0  20    1387
   0  21    1389
   0  22    1391
   0  23    1393
   0  24    1022
   0  25    1014
   0  26    1012
   0  27    1017
   0  28    1013
   0  29    1033
   0  30    1104
   0  31    1098
   0  32    1088
   0  33    1082
   0  34    1086
   0  35    1105
   0  36     744
   0  37     727
   0  38     723
   0  39     729
   0  40     739
   0  41     745
   0  42     816
   0  43     796
   0  44     800
   0  45     797
   0  46     799
   0  47     807
   0  48     456
   0  49     454
   0  50     452
   0  51     450
   0  52     448
   0  53     446
   0  54     512
   0  55     510
   0  56     508
   0  57     506
   0  58     504
   0  59     514
   0  60     154
   0  61     152
   0  62     150
   0  63     148
   0  64     146
   0  65     144
   0  66     216
   0  67     218
   0  68     220
   0  69     222
   0  70     224
   0  71     226
   1   0    1584
   1   1    1586
   1   2    1588
   1   3    1590
   1   4    1592
   1   5    1594
   1   6    1656
   1   7    1658
   1   8    1660
   1   9    1662
   1  10    1664
   1  11    1666
   1  12    1319
   1  13    1317
   1  14    1315
   1  15    1313
   1  16    1311
   1  17    1309
   1  18    1369
   1  19    1371
   1  20    1373
   1  21    1375
   1  22    1377
   1  23    1379
   1  24    1024
   1  25    1016
   1  26    1010
   1  27    1019
   1  28    1011
   1  29    1031
   1  30    1106
   1  31    1096
   1  32    1084
   1  33    1095
   1  34    1099
   1  35    1107
   1  36     746
   1  37     738
   1  38     734
   1  39     725
   1  40     737
   1  41     747
   1  42     814
   1  43     794
   1  44     802
   1  45     795
   1  46     801
   1  47     809
   1  48     442
   1  49     440
   1  50     438
   1  51     436
   1  52     434
   1  53     432
   1  54     516
   1  55     518
   1  56     520
   1  57     522
   1  58     524
   1  59     526
   1  60     155
   1  61     153
   1  62     151
   1  63     149
   1  64     147
   1  65     145
   1  66     227
   1  67     225
   1  68     223
   1  69     221
   1  70     219
   1  71     217
   2   0    1600
   2   1    1601
   2   2    1598
   2   3    1599
   2   4    1596
   2   5    1597
   2   6    1676
   2   7    1675
   2   8    1674
   2   9    1670
   2  10    1669
   2  11    1668
   2  12    1308
   2  13    1306
   2  14    1300
   2  15    1298
   2  16    1325
   2  17    1323
   2  18    1378
   2  19    1376
   2  20    1374
   2  21    1372
   2  22    1370
   2  23    1368
   2  24    1026
   2  25    1018
   2  26    1008
   2  27    1021
   2  28    1009
   2  29    1015
   2  30    1108
   2  31    1094
   2  32    1085
   2  33    1087
   2  34    1093
   2  35    1109
   2  36     748
   2  37     732
   2  38     726
   2  39     724
   2  40     735
   2  41     749
   2  42     798
   2  43     792
   2  44     804
   2  45     793
   2  46     803
   2  47     811
   2  48     433
   2  49     435
   2  50     437
   2  51     439
   2  52     441
   2  53     443
   2  54     530
   2  55     532
   2  56     507
   2  57     509
   2  58     515
   2  59     517
   2  60     157
   2  61     156
   2  62     159
   2  63     163
   2  64     162
   2  65     165
   2  66     228
   2  67     229
   2  68     230
   2  69     231
   2  70     232
   2  71     233
   3   0    1609
   3   1    1606
   3   2    1607
   3   3    1604
   3   4    1605
   3   5    1602
   3   6    1689
   3   7    1686
   3   8    1683
   3   9    1678
   3  10    1677
   3  11    1671
   3  12    1312
   3  13    1310
   3  14    1304
   3  15    1302
   3  16    1296
   3  17    1321
   3  18    1388
   3  19    1386
   3  20    1384
   3  21    1382
   3  22    1380
   3  23    1381
   3  24    1028
   3  25    1020
   3  26    1029
   3  27    1027
   3  28    1025
   3  29    1023
   3  30    1114
   3  31    1080
   3  32    1083
   3  33    1081
   3  34    1089
   3  35    1111
   3  36     750
   3  37     728
   3  38     720
   3  39     722
   3  40     721
   3  41     751
   3  42     806
   3  43     808
   3  44     810
   3  45     812
   3  46     805
   3  47     813
   3  48     444
   3  49     445
   3  50     447
   3  51     449
   3  52     451
   3  53     453
   3  54     528
   3  55     505
   3  56     511
   3  57     513
   3  58     519
   3  59     521
   3  60     158
   3  61     164
   3  62     167
   3  63     170
   3  64     175
   3  65     176
   3  66     235
   3  67     236
   3  68     237
   3  69     238
   3  70     239
   3  71     240
   4   0    1615
   4   1    1612
   4   2    1610
   4   3    1611
   4   4    1608
   4   5    1603
   4   6    1690
   4   7    1687
   4   8    1684
   4   9    1682
   4  10    1673
   4  11    1672
   4  12    1324
   4  13    1322
   4  14    1320
   4  15    1318
   4  16    1314
   4  17    1316
   4  18    1396
   4  19    1394
   4  20    1392
   4  21    1397
   4  22    1390
   4  23    1395
   4  24    1034
   4  25    1032
   4  26    1030
   4  27    1039
   4  28    1037
   4  29    1035
   4  30    1110
   4  31    1092
   4  32    1090
   4  33    1091
   4  34    1097
   4  35    1113
   4  36     752
   4  37     736
   4  38     730
   4  39     731
   4  40     733
   4  41     755
   4  42     818
   4  43     820
   4  44     822
   4  45     815
   4  46     817
   4  47     819
   4  48     458
   4  49     455
   4  50     460
   4  51     457
   4  52     459
   4  53     461
   4  54     525
   4  55     523
   4  56     527
   4  57     529
   4  58     531
   4  59     533
   4  60     161
   4  61     160
   4  62     171
   4  63     173
   4  64     174
   4  65     179
   4  66     234
   4  67     241
   4  68     242
   4  69     243
   4  70     245
   4  71     246
   5   0    1618
   5   1    1619
   5   2    1616
   5   3    1617
   5   4    1614
   5   5    1613
   5   6    1691
   5   7    1688
   5   8    1685
   5   9    1681
   5  10    1680
   5  11    1679
   5  12    1330
   5  13    1331
   5  14    1328
   5  15    1326
   5  16    1329
   5  17    1327
   5  18    1402
   5  19    1403
   5  20    1400
   5  21    1401
   5  22    1398
   5  23    1399
   5  24    1042
   5  25    1040
   5  26    1038
   5  27    1036
   5  28    1041
   5  29    1043
   5  30    1118
   5  31    1102
   5  32    1100
   5  33    1103
   5  34    1101
   5  35    1115
   5  36     754
   5  37     740
   5  38     742
   5  39     741
   5  40     743
   5  41     759
   5  42     826
   5  43     824
   5  44     821
   5  45     823
   5  46     825
   5  47     827
   5  48     462
   5  49     463
   5  50     464
   5  51     465
   5  52     466
   5  53     467
   5  54     534
   5  55     536
   5  56     535
   5  57     537
   5  58     538
   5  59     539
   5  60     166
   5  61     169
   5  62     168
   5  63     172
   5  64     177
   5  65     178
   5  66     244
   5  67     247
   5  68     248
   5  69     249
   5  70     250
   5  71     251
   6   0    1624
   6   1    1625
   6   2    1622
   6   3    1623
   6   4    1620
   6   5    1621
   6   6    1697
   6   7    1696
   6   8    1695
   6   9    1694
   6  10    1693
   6  11    1692
   6  12    1336
   6  13    1337
   6  14    1334
   6  15    1335
   6  16    1332
   6  17    1333
   6  18    1409
   6  19    1408
   6  20    1407
   6  21    1406
   6  22    1404
   6  23    1405
   6  24    1048
   6  25    1046
   6  26    1044
   6  27    1049
   6  28    1047
   6  29    1045
   6  30    1120
   6  31    1112
   6  32    1116
   6  33    1117
   6  34    1119
   6  35    1121
   6  36     760
   6  37     758
   6  38     756
   6  39     757
   6  40     753
   6  41     761
   6  42     828
   6  43     830
   6  44     832
   6  45     829
   6  46     831
   6  47     833
   6  48     468
   6  49     469
   6  50     471
   6  51     470
   6  52     473
   6  53     472
   6  54     540
   6  55     541
   6  56     542
   6  57     543
   6  58     544
   6  59     545
   6  60     181
   6  61     180
   6  62     183
   6  63     182
   6  64     185
   6  65     184
   6  66     252
   6  67     253
   6  68     254
   6  69     255
   6  70     256
   6  71     257
   7   0    1627
   7   1    1626
   7   2    1629
   7   3    1628
   7   4    1631
   7   5    1630
   7   6    1703
   7   7    1702
   7   8    1701
   7   9    1700
   7  10    1699
   7  11    1698
   7  12    1339
   7  13    1338
   7  14    1341
   7  15    1340
   7  16    1342
   7  17    1343
   7  18    1415
   7  19    1414
   7  20    1413
   7  21    1412
   7  22    1410
   7  23    1411
   7  24    1054
   7  25    1052
   7  26    1050
   7  27    1055
   7  28    1053
   7  29    1051
   7  30    1126
   7  31    1124
   7  32    1122
   7  33    1123
   7  34    1125
   7  35    1127
   7  36     766
   7  37     764
   7  38     762
   7  39     763
   7  40     765
   7  41     767
   7  42     834
   7  43     836
   7  44     838
   7  45     835
   7  46     837
   7  47     839
   7  48     474
   7  49     475
   7  50     477
   7  51     476
   7  52     479
   7  53     478
   7  54     550
   7  55     551
   7  56     549
   7  57     548
   7  58     547
   7  59     546
   7  60     187
   7  61     186
   7  62     189
   7  63     188
   7  64     191
   7  65     190
   7  66     263
   7  67     262
   7  68     261
   7  69     260
   7  70     259
   7  71     258
   8   0    1633
   8   1    1632
   8   2    1635
   8   3    1634
   8   4    1637
   8   5    1636
   8   6    1704
   8   7    1705
   8   8    1706
   8   9    1707
   8  10    1708
   8  11    1709
   8  12    1344
   8  13    1345
   8  14    1346
   8  15    1347
   8  16    1348
   8  17    1349
   8  18    1416
   8  19    1417
   8  20    1418
   8  21    1419
   8  22    1420
   8  23    1421
   8  24    1056
   8  25    1058
   8  26    1060
   8  27    1062
   8  28    1057
   8  29    1059
   8  30    1132
   8  31    1130
   8  32    1128
   8  33    1133
   8  34    1131
   8  35    1129
   8  36     768
   8  37     770
   8  38     772
   8  39     769
   8  40     771
   8  41     773
   8  42     842
   8  43     840
   8  44     847
   8  45     845
   8  46     843
   8  47     841
   8  48     484
   8  49     485
   8  50     482
   8  51     483
   8  52     480
   8  53     481
   8  54     556
   8  55     557
   8  56     554
   8  57     555
   8  58     552
   8  59     553
   8  60     196
   8  61     197
   8  62     194
   8  63     195
   8  64     192
   8  65     193
   8  66     269
   8  67     268
   8  68     267
   8  69     266
   8  70     265
   8  71     264
   9   0    1639
   9   1    1638
   9   2    1641
   9   3    1640
   9   4    1643
   9   5    1642
   9   6    1710
   9   7    1711
   9   8    1712
   9   9    1713
   9  10    1714
   9  11    1715
   9  12    1350
   9  13    1351
   9  14    1352
   9  15    1353
   9  16    1354
   9  17    1355
   9  18    1422
   9  19    1423
   9  20    1424
   9  21    1425
   9  22    1426
   9  23    1427
   9  24    1061
   9  25    1064
   9  26    1068
   9  27    1063
   9  28    1067
   9  29    1065
   9  30    1134
   9  31    1136
   9  32    1138
   9  33    1139
   9  34    1137
   9  35    1135
   9  36     774
   9  37     776
   9  38     778
   9  39     779
   9  40     777
   9  41     775
   9  42     848
   9  43     850
   9  44     846
   9  45     853
   9  46     849
   9  47     844
   9  48     490
   9  49     491
   9  50     488
   9  51     489
   9  52     486
   9  53     487
   9  54     562
   9  55     563
   9  56     560
   9  57     561
   9  58     558
   9  59     559
   9  60     202
   9  61     203
   9  62     200
   9  63     201
   9  64     198
   9  65     199
   9  66     275
   9  67     274
   9  68     273
   9  69     272
   9  70     271
   9  71     270
  10   0    1645
  10   1    1644
  10   2    1647
  10   3    1646
  10   4    1649
  10   5    1648
  10   6    1716
  10   7    1717
  10   8    1718
  10   9    1719
  10  10    1720
  10  11    1721
  10  12    1356
  10  13    1357
  10  14    1358
  10  15    1359
  10  16    1360
  10  17    1361
  10  18    1428
  10  19    1430
  10  20    1432
  10  21    1434
  10  22    1436
  10  23    1437
  10  24    1066
  10  25    1070
  10  26    1072
  10  27    1069
  10  28    1071
  10  29    1073
  10  30    1140
  10  31    1144
  10  32    1142
  10  33    1143
  10  34    1145
  10  35    1141
  10  36     780
  10  37     784
  10  38     782
  10  39     783
  10  40     785
  10  41     781
  10  42     856
  10  43     854
  10  44     852
  10  45     857
  10  46     855
  10  47     851
  10  48     500
  10  49     501
  10  50     499
  10  51     497
  10  52     495
  10  53     493
  10  54     568
  10  55     569
  10  56     566
  10  57     567
  10  58     564
  10  59     565
  10  60     208
  10  61     209
  10  62     206
  10  63     207
  10  64     204
  10  65     205
  10  66     281
  10  67     280
  10  68     279
  10  69     278
  10  70     277
  10  71     276
  11   0    1651
  11   1    1650
  11   2    1653
  11   3    1652
  11   4    1655
  11   5    1654
  11   6    1722
  11   7    1723
  11   8    1724
  11   9    1725
  11  10    1726
  11  11    1727
  11  12    1366
  11  13    1364
  11  14    1362
  11  15    1363
  11  16    1365
  11  17    1367
  11  18    1429
  11  19    1431
  11  20    1433
  11  21    1435
  11  22    1438
  11  23    1439
  11  24    1078
  11  25    1076
  11  26    1074
  11  27    1075
  11  28    1077
  11  29    1079
  11  30    1146
  11  31    1148
  11  32    1150
  11  33    1151
  11  34    1149
  11  35    1147
  11  36     786
  11  37     788
  11  38     790
  11  39     791
  11  40     789
  11  41     787
  11  42     862
  11  43     860
  11  44     858
  11  45     859
  11  46     861
  11  47     863
  11  48     502
  11  49     503
  11  50     498
  11  51     496
  11  52     494
  11  53     492
  11  54     574
  11  55     572
  11  56     570
  11  57     571
  11  58     573
  11  59     575
  11  60     210
  11  61     211
  11  62     212
  11  63     213
  11  64     214
  11  65     215
  11  66     287
  11  67     286
  11  68     285
  11  69     284
  11  70     283
  11  71     282
  12   0    1517
  12   1    1516
  12   2    1515
  12   3    1514
  12   4    1513
  12   5    1512
  12   6    1444
  12   7    1445
  12   8    1442
  12   9    1443
  12  10    1440
  12  11    1441
  12  12    1224
  12  13    1226
  12  14    1228
  12  15    1229
  12  16    1227
  12  17    1225
  12  18    1163
  12  19    1161
  12  20    1159
  12  21    1157
  12  22    1152
  12  23    1153
  12  24     936
  12  25     938
  12  26     940
  12  27     941
  12  28     939
  12  29     937
  12  30     868
  12  31     866
  12  32     864
  12  33     865
  12  34     867
  12  35     869
  12  36     652
  12  37     650
  12  38     648
  12  39     649
  12  40     651
  12  41     653
  12  42     576
  12  43     578
  12  44     580
  12  45     581
  12  46     579
  12  47     577
  12  48     360
  12  49     361
  12  50     364
  12  51     366
  12  52     368
  12  53     370
  12  54     288
  12  55     290
  12  56     292
  12  57     293
  12  58     291
  12  59     289
  12  60      74
  12  61      75
  12  62      76
  12  63      77
  12  64      78
  12  65      79
  12  66       1
  12  67       0
  12  68       3
  12  69       2
  12  70       5
  12  71       4
  13   0    1523
  13   1    1522
  13   2    1521
  13   3    1520
  13   4    1519
  13   5    1518
  13   6    1452
  13   7    1451
  13   8    1448
  13   9    1449
  13  10    1446
  13  11    1447
  13  12    1234
  13  13    1235
  13  14    1232
  13  15    1233
  13  16    1230
  13  17    1231
  13  18    1162
  13  19    1160
  13  20    1158
  13  21    1156
  13  22    1154
  13  23    1155
  13  24     949
  13  25     944
  13  26     947
  13  27     942
  13  28     945
  13  29     943
  13  30     874
  13  31     870
  13  32     872
  13  33     873
  13  34     871
  13  35     875
  13  36     658
  13  37     654
  13  38     656
  13  39     657
  13  40     655
  13  41     659
  13  42     582
  13  43     584
  13  44     583
  13  45     586
  13  46     585
  13  47     588
  13  48     362
  13  49     363
  13  50     365
  13  51     367
  13  52     369
  13  53     371
  13  54     294
  13  55     295
  13  56     296
  13  57     297
  13  58     298
  13  59     299
  13  60      80
  13  61      81
  13  62      82
  13  63      83
  13  64      85
  13  65      86
  13  66       7
  13  67       6
  13  68       9
  13  69       8
  13  70      11
  13  71      10
  14   0    1529
  14   1    1528
  14   2    1527
  14   3    1526
  14   4    1525
  14   5    1524
  14   6    1456
  14   7    1457
  14   8    1454
  14   9    1455
  14  10    1450
  14  11    1453
  14  12    1240
  14  13    1241
  14  14    1238
  14  15    1239
  14  16    1237
  14  17    1236
  14  18    1168
  14  19    1169
  14  20    1166
  14  21    1167
  14  22    1164
  14  23    1165
  14  24     955
  14  25     950
  14  26     953
  14  27     948
  14  28     946
  14  29     951
  14  30     880
  14  31     878
  14  32     876
  14  33     877
  14  34     879
  14  35     881
  14  36     664
  14  37     662
  14  38     660
  14  39     661
  14  40     663
  14  41     665
  14  42     590
  14  43     587
  14  44     589
  14  45     592
  14  46     591
  14  47     594
  14  48     372
  14  49     373
  14  50     374
  14  51     375
  14  52     376
  14  53     377
  14  54     300
  14  55     301
  14  56     302
  14  57     303
  14  58     304
  14  59     305
  14  60      84
  14  61      87
  14  62      88
  14  63      89
  14  64      90
  14  65      92
  14  66      13
  14  67      12
  14  68      15
  14  69      14
  14  70      17
  14  71      16
  15   0    1535
  15   1    1534
  15   2    1533
  15   3    1532
  15   4    1531
  15   5    1530
  15   6    1462
  15   7    1463
  15   8    1460
  15   9    1461
  15  10    1458
  15  11    1459
  15  12    1246
  15  13    1247
  15  14    1244
  15  15    1245
  15  16    1242
  15  17    1243
  15  18    1174
  15  19    1175
  15  20    1172
  15  21    1173
  15  22    1170
  15  23    1171
  15  24     961
  15  25     956
  15  26     959
  15  27     954
  15  28     952
  15  29     957
  15  30     882
  15  31     886
  15  32     884
  15  33     883
  15  34     885
  15  35     887
  15  36     670
  15  37     668
  15  38     666
  15  39     669
  15  40     671
  15  41     667
  15  42     596
  15  43     593
  15  44     595
  15  45     598
  15  46     597
  15  47     600
  15  48     378
  15  49     379
  15  50     380
  15  51     381
  15  52     382
  15  53     383
  15  54     306
  15  55     307
  15  56     308
  15  57     309
  15  58     310
  15  59     311
  15  60      91
  15  61      93
  15  62      94
  15  63      95
  15  64      96
  15  65      97
  15  66      19
  15  67      18
  15  68      21
  15  69      20
  15  70      23
  15  71      22
  16   0    1541
  16   1    1540
  16   2    1539
  16   3    1538
  16   4    1537
  16   5    1536
  16   6    1468
  16   7    1469
  16   8    1466
  16   9    1467
  16  10    1464
  16  11    1465
  16  12    1253
  16  13    1252
  16  14    1251
  16  15    1250
  16  16    1248
  16  17    1249
  16  18    1177
  16  19    1176
  16  20    1179
  16  21    1178
  16  22    1180
  16  23    1181
  16  24     958
  16  25     962
  16  26     964
  16  27     960
  16  28     963
  16  29     965
  16  30     888
  16  31     890
  16  32     892
  16  33     893
  16  34     891
  16  35     889
  16  36     672
  16  37     674
  16  38     676
  16  39     675
  16  40     677
  16  41     673
  16  42     604
  16  43     602
  16  44     601
  16  45     605
  16  46     603
  16  47     599
  16  48     388
  16  49     389
  16  50     387
  16  51     386
  16  52     385
  16  53     384
  16  54     312
  16  55     313
  16  56     315
  16  57     314
  16  58     317
  16  59     316
  16  60      98
  16  61      99
  16  62     100
  16  63     101
  16  64     102
  16  65     103
  16  66      25
  16  67      24
  16  68      27
  16  69      26
  16  70      29
  16  71      28
  17   0    1547
  17   1    1546
  17   2    1545
  17   3    1544
  17   4    1543
  17   5    1542
  17   6    1471
  17   7    1470
  17   8    1474
  17   9    1473
  17  10    1472
  17  11    1475
  17  12    1254
  17  13    1255
  17  14    1256
  17  15    1257
  17  16    1258
  17  17    1259
  17  18    1183
  17  19    1182
  17  20    1185
  17  21    1184
  17  22    1186
  17  23    1187
  17  24     966
  17  25     967
  17  26     968
  17  27     970
  17  28     969
  17  29     971
  17  30     894
  17  31     902
  17  32     898
  17  33     899
  17  34     897
  17  35     895
  17  36     678
  17  37     680
  17  38     682
  17  39     683
  17  40     687
  17  41     679
  17  42     610
  17  43     608
  17  44     611
  17  45     609
  17  46     606
  17  47     607
  17  48     394
  17  49     395
  17  50     393
  17  51     392
  17  52     391
  17  53     390
  17  54     322
  17  55     323
  17  56     320
  17  57     321
  17  58     318
  17  59     319
  17  60     107
  17  61     106
  17  62     105
  17  63     104
  17  64     108
  17  65     109
  17  66      31
  17  67      30
  17  68      33
  17  69      32
  17  70      35
  17  71      34
  18   0    1548
  18   1    1549
  18   2    1550
  18   3    1551
  18   4    1552
  18   5    1553
  18   6    1477
  18   7    1476
  18   8    1479
  18   9    1478
  18  10    1483
  18  11    1482
  18  12    1260
  18  13    1261
  18  14    1262
  18  15    1263
  18  16    1264
  18  17    1265
  18  18    1188
  18  19    1189
  18  20    1190
  18  21    1191
  18  22    1192
  18  23    1197
  18  24     972
  18  25     974
  18  26     976
  18  27     982
  18  28     984
  18  29     973
  18  30     896
  18  31     912
  18  32     914
  18  33     913
  18  34     915
  18  35     901
  18  36     684
  18  37     698
  18  38     696
  18  39     699
  18  40     697
  18  41     681
  18  42     612
  18  43     625
  18  44     623
  18  45     617
  18  46     615
  18  47     613
  18  48     404
  18  49     401
  18  50     398
  18  51     399
  18  52     396
  18  53     397
  18  54     328
  18  55     329
  18  56     326
  18  57     327
  18  58     324
  18  59     325
  18  60     113
  18  61     112
  18  62     111
  18  63     110
  18  64     114
  18  65     115
  18  66      40
  18  67      41
  18  68      38
  18  69      39
  18  70      36
  18  71      37
  19   0    1554
  19   1    1555
  19   2    1556
  19   3    1557
  19   4    1558
  19   5    1559
  19   6    1481
  19   7    1480
  19   8    1485
  19   9    1484
  19  10    1489
  19  11    1488
  19  12    1266
  19  13    1268
  19  14    1270
  19  15    1272
  19  16    1274
  19  17    1276
  19  18    1193
  19  19    1194
  19  20    1195
  19  21    1196
  19  22    1202
  19  23    1210
  19  24     978
  19  25     980
  19  26     986
  19  27     994
  19  28     996
  19  29     995
  19  30     900
  19  31     922
  19  32     924
  19  33     925
  19  34     919
  19  35     903
  19  36     686
  19  37     702
  19  38     708
  19  39     709
  19  40     707
  19  41     685
  19  42     634
  19  43     637
  19  44     635
  19  45     627
  19  46     621
  19  47     619
  19  48     419
  19  49     411
  19  50     405
  19  51     402
  19  52     403
  19  53     400
  19  54     341
  19  55     339
  19  56     337
  19  57     335
  19  58     333
  19  59     331
  19  60     119
  19  61     118
  19  62     117
  19  63     116
  19  64     120
  19  65     121
  19  66      46
  19  67      47
  19  68      44
  19  69      45
  19  70      42
  19  71      43
  20   0    1560
  20   1    1561
  20   2    1562
  20   3    1563
  20   4    1564
  20   5    1565
  20   6    1490
  20   7    1491
  20   8    1487
  20   9    1486
  20  10    1493
  20  11    1492
  20  12    1278
  20  13    1280
  20  14    1282
  20  15    1284
  20  16    1286
  20  17    1288
  20  18    1204
  20  19    1206
  20  20    1208
  20  21    1212
  20  22    1214
  20  23    1220
  20  24     988
  20  25     990
  20  26    1004
  20  27     975
  20  28     977
  20  29    1007
  20  30     904
  20  31     934
  20  32     933
  20  33     935
  20  34     927
  20  35     905
  20  36     688
  20  37     710
  20  38     718
  20  39     716
  20  40     719
  20  41     689
  20  42     646
  20  43     616
  20  44     614
  20  45     645
  20  46     631
  20  47     629
  20  48     429
  20  49     423
  20  50     421
  20  51     417
  20  52     415
  20  53     413
  20  54     353
  20  55     351
  20  56     349
  20  57     347
  20  58     345
  20  59     343
  20  60     125
  20  61     124
  20  62     123
  20  63     122
  20  64      72
  20  65      73
  20  66      52
  20  67      53
  20  68      50
  20  69      51
  20  70      48
  20  71      49
  21   0    1566
  21   1    1567
  21   2    1568
  21   3    1569
  21   4    1570
  21   5    1571
  21   6    1495
  21   7    1494
  21   8    1497
  21   9    1496
  21  10    1499
  21  11    1498
  21  12    1290
  21  13    1292
  21  14    1294
  21  15    1267
  21  16    1269
  21  17    1271
  21  18    1213
  21  19    1215
  21  20    1216
  21  21    1217
  21  22    1218
  21  23    1219
  21  24     992
  21  25     998
  21  26     979
  21  27    1001
  21  28    1005
  21  29     999
  21  30     906
  21  31     920
  21  32     931
  21  33     929
  21  34     923
  21  35     907
  21  36     690
  21  37     706
  21  38     712
  21  39     714
  21  40     705
  21  41     691
  21  42     638
  21  43     644
  21  44     640
  21  45     618
  21  46     639
  21  47     633
  21  48     426
  21  49     427
  21  50     424
  21  51     425
  21  52     422
  21  53     420
  21  54     334
  21  55     332
  21  56     330
  21  57     359
  21  58     357
  21  59     355
  21  60     131
  21  61     130
  21  62     129
  21  63     128
  21  64     127
  21  65     126
  21  66      58
  21  67      59
  21  68      56
  21  69      57
  21  70      54
  21  71      55
  22   0    1572
  22   1    1573
  22   2    1574
  22   3    1575
  22   4    1576
  22   5    1577
  22   6    1501
  22   7    1500
  22   8    1503
  22   9    1502
  22  10    1505
  22  11    1504
  22  12    1273
  22  13    1275
  22  14    1277
  22  15    1279
  22  16    1281
  22  17    1283
  22  18    1222
  22  19    1221
  22  20    1223
  22  21    1211
  22  22    1209
  22  23    1207
  22  24    1000
  22  25    1006
  22  26     983
  22  27    1003
  22  28     993
  22  29     989
  22  30     908
  22  31     918
  22  32     930
  22  33     921
  22  34     917
  22  35     909
  22  36     692
  22  37     700
  22  38     704
  22  39     715
  22  40     703
  22  41     693
  22  42     628
  22  43     632
  22  44     642
  22  45     622
  22  46     647
  22  47     641
  22  48     414
  22  49     416
  22  50     418
  22  51     430
  22  52     428
  22  53     431
  22  54     346
  22  55     344
  22  56     342
  22  57     340
  22  58     338
  22  59     336
  22  60     137
  22  61     136
  22  62     135
  22  63     134
  22  64     133
  22  65     132
  22  66      64
  22  67      65
  22  68      62
  22  69      63
  22  70      60
  22  71      61
  23   0    1578
  23   1    1579
  23   2    1580
  23   3    1581
  23   4    1582
  23   5    1583
  23   6    1510
  23   7    1511
  23   8    1508
  23   9    1509
  23  10    1506
  23  11    1507
  23  12    1285
  23  13    1295
  23  14    1293
  23  15    1291
  23  16    1289
  23  17    1287
  23  18    1200
  23  19    1205
  23  20    1198
  23  21    1203
  23  22    1199
  23  23    1201
  23  24    1002
  23  25     981
  23  26     985
  23  27     997
  23  28     991
  23  29     987
  23  30     910
  23  31     916
  23  32     926
  23  33     928
  23  34     932
  23  35     911
  23  36     694
  23  37     717
  23  38     713
  23  39     711
  23  40     701
  23  41     695
  23  42     626
  23  43     630
  23  44     636
  23  45     624
  23  46     620
  23  47     643
  23  48     408
  23  49     406
  23  50     410
  23  51     407
  23  52     412
  23  53     409
  23  54     350
  23  55     352
  23  56     354
  23  57     356
  23  58     358
  23  59     348
  23  60     138
  23  61     139
  23  62     140
  23  63     141
  23  64     142
  23  65     143
  23  66      70
  23  67      71
  23  68      68
  23  69      69
  23  70      66
  23  71      67
