0 5 11 0 
0 0 11 1 
0 4 11 2 
0 1 11 3 
0 3 11 4 
0 2 11 5 
0 5 10 6 
0 0 10 7 
0 4 10 8 
0 1 10 9 
0 3 10 10 
0 2 10 11 
0 5 9 12 
0 0 9 13 
0 4 9 14 
0 1 9 15 
0 3 9 16 
0 2 9 17 
0 5 8 18 
0 0 8 19 
0 4 8 20 
0 1 8 21 
0 3 8 22 
0 2 8 23 
0 5 7 24 
0 0 7 25 
0 4 7 26 
0 1 7 27 
0 3 7 28 
0 2 7 29 
0 5 6 30 
0 0 6 31 
0 4 6 32 
0 1 6 33 
0 3 6 34 
0 2 6 35 
0 5 5 36 
0 0 5 37 
0 4 5 38 
0 1 5 39 
0 3 5 40 
0 2 5 41 
0 5 4 42 
0 0 4 43 
0 4 4 44 
0 1 4 45 
0 3 4 46 
0 2 4 47 
0 5 3 48 
0 0 3 49 
0 4 3 50 
0 1 3 51 
0 3 3 52 
0 2 3 53 
0 5 2 54 
0 0 2 55 
0 4 2 56 
0 1 2 57 
0 3 2 58 
0 2 2 59 
0 5 1 60 
0 0 1 61 
0 4 1 62 
0 1 1 63 
0 3 1 64 
0 2 1 65 
0 5 0 66 
0 0 0 67 
0 4 0 68 
0 1 0 69 
0 3 0 70 
0 2 0 71 
1 5 23 0 
1 0 23 1 
1 4 23 2 
1 1 23 3 
1 3 23 4 
1 2 23 5 
1 5 22 6 
1 0 22 7 
1 4 22 8 
1 1 22 9 
1 3 22 10 
1 2 22 11 
1 5 21 12 
1 0 21 13 
1 4 21 14 
1 1 21 15 
1 3 21 16 
1 2 21 17 
1 5 20 18 
1 0 20 19 
1 4 20 20 
1 1 20 21 
1 3 20 22 
1 2 20 23 
1 5 19 24 
1 0 19 25 
1 4 19 26 
1 1 19 27 
1 3 19 28 
1 2 19 29 
1 5 18 30 
1 0 18 31 
1 4 18 32 
1 1 18 33 
1 3 18 34 
1 2 18 35 
1 5 17 36 
1 0 17 37 
1 4 17 38 
1 1 17 39 
1 3 17 40 
1 2 17 41 
1 5 16 42 
1 0 16 43 
1 4 16 44 
1 1 16 45 
1 3 16 46 
1 2 16 47 
1 5 15 48 
1 0 15 49 
1 4 15 50 
1 1 15 51 
1 3 15 52 
1 2 15 53 
1 5 14 54 
1 0 14 55 
1 4 14 56 
1 1 14 57 
1 3 14 58 
1 2 14 59 
1 5 13 60 
1 0 13 61 
1 4 13 62 
1 1 13 63 
1 3 13 64 
1 2 13 65 
1 5 12 66 
1 0 12 67 
1 4 12 68 
1 1 12 69 
1 3 12 70 
1 2 12 71 
2 3 35 0 
2 2 35 1 
2 4 35 2 
2 1 35 3 
2 5 35 4 
2 0 35 5 
2 3 34 6 
2 2 34 7 
2 4 34 8 
2 1 34 9 
2 5 34 10 
2 0 34 11 
2 3 33 12 
2 2 33 13 
2 4 33 14 
2 1 33 15 
2 5 33 16 
2 0 33 17 
2 3 32 18 
2 2 32 19 
2 4 32 20 
2 1 32 21 
2 5 32 22 
2 0 32 23 
2 3 31 24 
2 2 31 25 
2 4 31 26 
2 1 31 27 
2 5 31 28 
2 0 31 29 
2 3 30 30 
2 2 30 31 
2 4 30 32 
2 1 30 33 
2 5 30 34 
2 0 30 35 
2 3 29 36 
2 2 29 37 
2 4 29 38 
2 1 29 39 
2 5 29 40 
2 0 29 41 
2 3 28 42 
2 2 28 43 
2 4 28 44 
2 1 28 45 
2 5 28 46 
2 0 28 47 
2 3 27 48 
2 2 27 49 
2 4 27 50 
2 1 27 51 
2 5 27 52 
2 0 27 53 
2 3 26 54 
2 2 26 55 
2 4 26 56 
2 1 26 57 
2 5 26 58 
2 0 26 59 
2 3 25 60 
2 2 25 61 
2 4 25 62 
2 1 25 63 
2 5 25 64 
2 0 25 65 
2 3 24 66 
2 2 24 67 
2 4 24 68 
2 1 24 69 
2 5 24 70 
2 0 24 71 
3 3 47 0 
3 2 47 1 
3 4 47 2 
3 1 47 3 
3 5 47 4 
3 0 47 5 
3 3 46 6 
3 2 46 7 
3 4 46 8 
3 1 46 9 
3 5 46 10 
3 0 46 11 
3 3 45 12 
3 2 45 13 
3 4 45 14 
3 1 45 15 
3 5 45 16 
3 0 45 17 
3 3 44 18 
3 2 44 19 
3 4 44 20 
3 1 44 21 
3 5 44 22 
3 0 44 23 
3 3 43 24 
3 2 43 25 
3 4 43 26 
3 1 43 27 
3 5 43 28 
3 0 43 29 
3 3 42 30 
3 2 42 31 
3 4 42 32 
3 1 42 33 
3 5 42 34 
3 0 42 35 
3 3 41 36 
3 2 41 37 
3 4 41 38 
3 1 41 39 
3 5 41 40 
3 0 41 41 
3 3 40 42 
3 2 40 43 
3 4 40 44 
3 1 40 45 
3 5 40 46 
3 0 40 47 
3 3 39 48 
3 2 39 49 
3 4 39 50 
3 1 39 51 
3 5 39 52 
3 0 39 53 
3 3 38 54 
3 2 38 55 
3 4 38 56 
3 1 38 57 
3 5 38 58 
3 0 38 59 
3 3 37 60 
3 2 37 61 
3 4 37 62 
3 1 37 63 
3 5 37 64 
3 0 37 65 
3 3 36 66 
3 2 36 67 
3 4 36 68 
3 1 36 69 
3 5 36 70 
3 0 36 71 
0 11 11 0 
0 6 11 1 
0 10 11 2 
0 7 11 3 
0 9 11 4 
0 8 11 5 
0 11 10 6 
0 6 10 7 
0 10 10 8 
0 7 10 9 
0 9 10 10 
0 8 10 11 
0 11 9 12 
0 6 9 13 
0 10 9 14 
0 7 9 15 
0 9 9 16 
0 8 9 17 
0 11 8 18 
0 6 8 19 
0 10 8 20 
0 7 8 21 
0 9 8 22 
0 8 8 23 
0 11 7 24 
0 6 7 25 
0 10 7 26 
0 7 7 27 
0 9 7 28 
0 8 7 29 
0 11 6 30 
0 6 6 31 
0 10 6 32 
0 7 6 33 
0 9 6 34 
0 8 6 35 
0 11 5 36 
0 6 5 37 
0 10 5 38 
0 7 5 39 
0 9 5 40 
0 8 5 41 
0 11 4 42 
0 6 4 43 
0 10 4 44 
0 7 4 45 
0 9 4 46 
0 8 4 47 
0 11 3 48 
0 6 3 49 
0 10 3 50 
0 7 3 51 
0 9 3 52 
0 8 3 53 
0 11 2 54 
0 6 2 55 
0 10 2 56 
0 7 2 57 
0 9 2 58 
0 8 2 59 
0 11 1 60 
0 6 1 61 
0 10 1 62 
0 7 1 63 
0 9 1 64 
0 8 1 65 
0 11 0 66 
0 6 0 67 
0 10 0 68 
0 7 0 69 
0 9 0 70 
0 8 0 71 
1 11 23 0 
1 6 23 1 
1 10 23 2 
1 7 23 3 
1 9 23 4 
1 8 23 5 
1 11 22 6 
1 6 22 7 
1 10 22 8 
1 7 22 9 
1 9 22 10 
1 8 22 11 
1 11 21 12 
1 6 21 13 
1 10 21 14 
1 7 21 15 
1 9 21 16 
1 8 21 17 
1 11 20 18 
1 6 20 19 
1 10 20 20 
1 7 20 21 
1 9 20 22 
1 8 20 23 
1 11 19 24 
1 6 19 25 
1 10 19 26 
1 7 19 27 
1 9 19 28 
1 8 19 29 
1 11 18 30 
1 6 18 31 
1 10 18 32 
1 7 18 33 
1 9 18 34 
1 8 18 35 
1 11 17 36 
1 6 17 37 
1 10 17 38 
1 7 17 39 
1 9 17 40 
1 8 17 41 
1 11 16 42 
1 6 16 43 
1 10 16 44 
1 7 16 45 
1 9 16 46 
1 8 16 47 
1 11 15 48 
1 6 15 49 
1 10 15 50 
1 7 15 51 
1 9 15 52 
1 8 15 53 
1 11 14 54 
1 6 14 55 
1 10 14 56 
1 7 14 57 
1 9 14 58 
1 8 14 59 
1 11 13 60 
1 6 13 61 
1 10 13 62 
1 7 13 63 
1 9 13 64 
1 8 13 65 
1 11 12 66 
1 6 12 67 
1 10 12 68 
1 7 12 69 
1 9 12 70 
1 8 12 71 
2 9 35 0 
2 8 35 1 
2 10 35 2 
2 7 35 3 
2 11 35 4 
2 6 35 5 
2 9 34 6 
2 8 34 7 
2 10 34 8 
2 7 34 9 
2 11 34 10 
2 6 34 11 
2 9 33 12 
2 8 33 13 
2 10 33 14 
2 7 33 15 
2 11 33 16 
2 6 33 17 
2 9 32 18 
2 8 32 19 
2 10 32 20 
2 7 32 21 
2 11 32 22 
2 6 32 23 
2 9 31 24 
2 8 31 25 
2 10 31 26 
2 7 31 27 
2 11 31 28 
2 6 31 29 
2 9 30 30 
2 8 30 31 
2 10 30 32 
2 7 30 33 
2 11 30 34 
2 6 30 35 
2 9 29 36 
2 8 29 37 
2 10 29 38 
2 7 29 39 
2 11 29 40 
2 6 29 41 
2 9 28 42 
2 8 28 43 
2 10 28 44 
2 7 28 45 
2 11 28 46 
2 6 28 47 
2 9 27 48 
2 8 27 49 
2 10 27 50 
2 7 27 51 
2 11 27 52 
2 6 27 53 
2 9 26 54 
2 8 26 55 
2 10 26 56 
2 7 26 57 
2 11 26 58 
2 6 26 59 
2 9 25 60 
2 8 25 61 
2 10 25 62 
2 7 25 63 
2 11 25 64 
2 6 25 65 
2 9 24 66 
2 8 24 67 
2 10 24 68 
2 7 24 69 
2 11 24 70 
2 6 24 71 
3 9 47 0 
3 8 47 1 
3 10 47 2 
3 7 47 3 
3 11 47 4 
3 6 47 5 
3 9 46 6 
3 8 46 7 
3 10 46 8 
3 7 46 9 
3 11 46 10 
3 6 46 11 
3 9 45 12 
3 8 45 13 
3 10 45 14 
3 7 45 15 
3 11 45 16 
3 6 45 17 
3 9 44 18 
3 8 44 19 
3 10 44 20 
3 7 44 21 
3 11 44 22 
3 6 44 23 
3 9 43 24 
3 8 43 25 
3 10 43 26 
3 7 43 27 
3 11 43 28 
3 6 43 29 
3 9 42 30 
3 8 42 31 
3 10 42 32 
3 7 42 33 
3 11 42 34 
3 6 42 35 
3 9 41 36 
3 8 41 37 
3 10 41 38 
3 7 41 39 
3 11 41 40 
3 6 41 41 
3 9 40 42 
3 8 40 43 
3 10 40 44 
3 7 40 45 
3 11 40 46 
3 6 40 47 
3 9 39 48 
3 8 39 49 
3 10 39 50 
3 7 39 51 
3 11 39 52 
3 6 39 53 
3 9 38 54 
3 8 38 55 
3 10 38 56 
3 7 38 57 
3 11 38 58 
3 6 38 59 
3 9 37 60 
3 8 37 61 
3 10 37 62 
3 7 37 63 
3 11 37 64 
3 6 37 65 
3 9 36 66 
3 8 36 67 
3 10 36 68 
3 7 36 69 
3 11 36 70 
3 6 36 71 
0 17 11 0 
0 12 11 1 
0 16 11 2 
0 13 11 3 
0 15 11 4 
0 14 11 5 
0 17 10 6 
0 12 10 7 
0 16 10 8 
0 13 10 9 
0 15 10 10 
0 14 10 11 
0 17 9 12 
0 12 9 13 
0 16 9 14 
0 13 9 15 
0 15 9 16 
0 14 9 17 
0 17 8 18 
0 12 8 19 
0 16 8 20 
0 13 8 21 
0 15 8 22 
0 14 8 23 
0 17 7 24 
0 12 7 25 
0 16 7 26 
0 13 7 27 
0 15 7 28 
0 14 7 29 
0 17 6 30 
0 12 6 31 
0 16 6 32 
0 13 6 33 
0 15 6 34 
0 14 6 35 
0 17 5 36 
0 12 5 37 
0 16 5 38 
0 13 5 39 
0 15 5 40 
0 14 5 41 
0 17 4 42 
0 12 4 43 
0 16 4 44 
0 13 4 45 
0 15 4 46 
0 14 4 47 
0 17 3 48 
0 12 3 49 
0 16 3 50 
0 13 3 51 
0 15 3 52 
0 14 3 53 
0 17 2 54 
0 12 2 55 
0 16 2 56 
0 13 2 57 
0 15 2 58 
0 14 2 59 
0 17 1 60 
0 12 1 61 
0 16 1 62 
0 13 1 63 
0 15 1 64 
0 14 1 65 
0 17 0 66 
0 12 0 67 
0 16 0 68 
0 13 0 69 
0 15 0 70 
0 14 0 71 
1 17 23 0 
1 12 23 1 
1 16 23 2 
1 13 23 3 
1 15 23 4 
1 14 23 5 
1 17 22 6 
1 12 22 7 
1 16 22 8 
1 13 22 9 
1 15 22 10 
1 14 22 11 
1 17 21 12 
1 12 21 13 
1 16 21 14 
1 13 21 15 
1 15 21 16 
1 14 21 17 
1 17 20 18 
1 12 20 19 
1 16 20 20 
1 13 20 21 
1 15 20 22 
1 14 20 23 
1 17 19 24 
1 12 19 25 
1 16 19 26 
1 13 19 27 
1 15 19 28 
1 14 19 29 
1 17 18 30 
1 12 18 31 
1 16 18 32 
1 13 18 33 
1 15 18 34 
1 14 18 35 
1 17 17 36 
1 12 17 37 
1 16 17 38 
1 13 17 39 
1 15 17 40 
1 14 17 41 
1 17 16 42 
1 12 16 43 
1 16 16 44 
1 13 16 45 
1 15 16 46 
1 14 16 47 
1 17 15 48 
1 12 15 49 
1 16 15 50 
1 13 15 51 
1 15 15 52 
1 14 15 53 
1 17 14 54 
1 12 14 55 
1 16 14 56 
1 13 14 57 
1 15 14 58 
1 14 14 59 
1 17 13 60 
1 12 13 61 
1 16 13 62 
1 13 13 63 
1 15 13 64 
1 14 13 65 
1 17 12 66 
1 12 12 67 
1 16 12 68 
1 13 12 69 
1 15 12 70 
1 14 12 71 
2 15 35 0 
2 14 35 1 
2 16 35 2 
2 13 35 3 
2 17 35 4 
2 12 35 5 
2 15 34 6 
2 14 34 7 
2 16 34 8 
2 13 34 9 
2 17 34 10 
2 12 34 11 
2 15 33 12 
2 14 33 13 
2 16 33 14 
2 13 33 15 
2 17 33 16 
2 12 33 17 
2 15 32 18 
2 14 32 19 
2 16 32 20 
2 13 32 21 
2 17 32 22 
2 12 32 23 
2 15 31 24 
2 14 31 25 
2 16 31 26 
2 13 31 27 
2 17 31 28 
2 12 31 29 
2 15 30 30 
2 14 30 31 
2 16 30 32 
2 13 30 33 
2 17 30 34 
2 12 30 35 
2 15 29 36 
2 14 29 37 
2 16 29 38 
2 13 29 39 
2 17 29 40 
2 12 29 41 
2 15 28 42 
2 14 28 43 
2 16 28 44 
2 13 28 45 
2 17 28 46 
2 12 28 47 
2 15 27 48 
2 14 27 49 
2 16 27 50 
2 13 27 51 
2 17 27 52 
2 12 27 53 
2 15 26 54 
2 14 26 55 
2 16 26 56 
2 13 26 57 
2 17 26 58 
2 12 26 59 
2 15 25 60 
2 14 25 61 
2 16 25 62 
2 13 25 63 
2 17 25 64 
2 12 25 65 
2 15 24 66 
2 14 24 67 
2 16 24 68 
2 13 24 69 
2 17 24 70 
2 12 24 71 
3 15 47 0 
3 14 47 1 
3 16 47 2 
3 13 47 3 
3 17 47 4 
3 12 47 5 
3 15 46 6 
3 14 46 7 
3 16 46 8 
3 13 46 9 
3 17 46 10 
3 12 46 11 
3 15 45 12 
3 14 45 13 
3 16 45 14 
3 13 45 15 
3 17 45 16 
3 12 45 17 
3 15 44 18 
3 14 44 19 
3 16 44 20 
3 13 44 21 
3 17 44 22 
3 12 44 23 
3 15 43 24 
3 14 43 25 
3 16 43 26 
3 13 43 27 
3 17 43 28 
3 12 43 29 
3 15 42 30 
3 14 42 31 
3 16 42 32 
3 13 42 33 
3 17 42 34 
3 12 42 35 
3 15 41 36 
3 14 41 37 
3 16 41 38 
3 13 41 39 
3 17 41 40 
3 12 41 41 
3 15 40 42 
3 14 40 43 
3 16 40 44 
3 13 40 45 
3 17 40 46 
3 12 40 47 
3 15 39 48 
3 14 39 49 
3 16 39 50 
3 13 39 51 
3 17 39 52 
3 12 39 53 
3 15 38 54 
3 14 38 55 
3 16 38 56 
3 13 38 57 
3 17 38 58 
3 12 38 59 
3 15 37 60 
3 14 37 61 
3 16 37 62 
3 13 37 63 
3 17 37 64 
3 12 37 65 
3 15 36 66 
3 14 36 67 
3 16 36 68 
3 13 36 69 
3 17 36 70 
3 12 36 71 
0 23 11 0 
0 18 11 1 
0 22 11 2 
0 19 11 3 
0 21 11 4 
0 20 11 5 
0 23 10 6 
0 18 10 7 
0 22 10 8 
0 19 10 9 
0 21 10 10 
0 20 10 11 
0 23 9 12 
0 18 9 13 
0 22 9 14 
0 19 9 15 
0 21 9 16 
0 20 9 17 
0 23 8 18 
0 18 8 19 
0 22 8 20 
0 19 8 21 
0 21 8 22 
0 20 8 23 
0 23 7 24 
0 18 7 25 
0 22 7 26 
0 19 7 27 
0 21 7 28 
0 20 7 29 
0 23 6 30 
0 18 6 31 
0 22 6 32 
0 19 6 33 
0 21 6 34 
0 20 6 35 
0 23 5 36 
0 18 5 37 
0 22 5 38 
0 19 5 39 
0 21 5 40 
0 20 5 41 
0 23 4 42 
0 18 4 43 
0 22 4 44 
0 19 4 45 
0 21 4 46 
0 20 4 47 
0 23 3 48 
0 18 3 49 
0 22 3 50 
0 19 3 51 
0 21 3 52 
0 20 3 53 
0 23 2 54 
0 18 2 55 
0 22 2 56 
0 19 2 57 
0 21 2 58 
0 20 2 59 
0 23 1 60 
0 18 1 61 
0 22 1 62 
0 19 1 63 
0 21 1 64 
0 20 1 65 
0 23 0 66 
0 18 0 67 
0 22 0 68 
0 19 0 69 
0 21 0 70 
0 20 0 71 
1 23 23 0 
1 18 23 1 
1 22 23 2 
1 19 23 3 
1 21 23 4 
1 20 23 5 
1 23 22 6 
1 18 22 7 
1 22 22 8 
1 19 22 9 
1 21 22 10 
1 20 22 11 
1 23 21 12 
1 18 21 13 
1 22 21 14 
1 19 21 15 
1 21 21 16 
1 20 21 17 
1 23 20 18 
1 18 20 19 
1 22 20 20 
1 19 20 21 
1 21 20 22 
1 20 20 23 
1 23 19 24 
1 18 19 25 
1 22 19 26 
1 19 19 27 
1 21 19 28 
1 20 19 29 
1 23 18 30 
1 18 18 31 
1 22 18 32 
1 19 18 33 
1 21 18 34 
1 20 18 35 
1 23 17 36 
1 18 17 37 
1 22 17 38 
1 19 17 39 
1 21 17 40 
1 20 17 41 
1 23 16 42 
1 18 16 43 
1 22 16 44 
1 19 16 45 
1 21 16 46 
1 20 16 47 
1 23 15 48 
1 18 15 49 
1 22 15 50 
1 19 15 51 
1 21 15 52 
1 20 15 53 
1 23 14 54 
1 18 14 55 
1 22 14 56 
1 19 14 57 
1 21 14 58 
1 20 14 59 
1 23 13 60 
1 18 13 61 
1 22 13 62 
1 19 13 63 
1 21 13 64 
1 20 13 65 
1 23 12 66 
1 18 12 67 
1 22 12 68 
1 19 12 69 
1 21 12 70 
1 20 12 71 
2 21 35 0 
2 20 35 1 
2 22 35 2 
2 19 35 3 
2 23 35 4 
2 18 35 5 
2 21 34 6 
2 20 34 7 
2 22 34 8 
2 19 34 9 
2 23 34 10 
2 18 34 11 
2 21 33 12 
2 20 33 13 
2 22 33 14 
2 19 33 15 
2 23 33 16 
2 18 33 17 
2 21 32 18 
2 20 32 19 
2 22 32 20 
2 19 32 21 
2 23 32 22 
2 18 32 23 
2 21 31 24 
2 20 31 25 
2 22 31 26 
2 19 31 27 
2 23 31 28 
2 18 31 29 
2 21 30 30 
2 20 30 31 
2 22 30 32 
2 19 30 33 
2 23 30 34 
2 18 30 35 
2 21 29 36 
2 20 29 37 
2 22 29 38 
2 19 29 39 
2 23 29 40 
2 18 29 41 
2 21 28 42 
2 20 28 43 
2 22 28 44 
2 19 28 45 
2 23 28 46 
2 18 28 47 
2 21 27 48 
2 20 27 49 
2 22 27 50 
2 19 27 51 
2 23 27 52 
2 18 27 53 
2 21 26 54 
2 20 26 55 
2 22 26 56 
2 19 26 57 
2 23 26 58 
2 18 26 59 
2 21 25 60 
2 20 25 61 
2 22 25 62 
2 19 25 63 
2 23 25 64 
2 18 25 65 
2 21 24 66 
2 20 24 67 
2 22 24 68 
2 19 24 69 
2 23 24 70 
2 18 24 71 
3 21 47 0 
3 20 47 1 
3 22 47 2 
3 19 47 3 
3 23 47 4 
3 18 47 5 
3 21 46 6 
3 20 46 7 
3 22 46 8 
3 19 46 9 
3 23 46 10 
3 18 46 11 
3 21 45 12 
3 20 45 13 
3 22 45 14 
3 19 45 15 
3 23 45 16 
3 18 45 17 
3 21 44 18 
3 20 44 19 
3 22 44 20 
3 19 44 21 
3 23 44 22 
3 18 44 23 
3 21 43 24 
3 20 43 25 
3 22 43 26 
3 19 43 27 
3 23 43 28 
3 18 43 29 
3 21 42 30 
3 20 42 31 
3 22 42 32 
3 19 42 33 
3 23 42 34 
3 18 42 35 
3 21 41 36 
3 20 41 37 
3 22 41 38 
3 19 41 39 
3 23 41 40 
3 18 41 41 
3 21 40 42 
3 20 40 43 
3 22 40 44 
3 19 40 45 
3 23 40 46 
3 18 40 47 
3 21 39 48 
3 20 39 49 
3 22 39 50 
3 19 39 51 
3 23 39 52 
3 18 39 53 
3 21 38 54 
3 20 38 55 
3 22 38 56 
3 19 38 57 
3 23 38 58 
3 18 38 59 
3 21 37 60 
3 20 37 61 
3 22 37 62 
3 19 37 63 
3 23 37 64 
3 18 37 65 
3 21 36 66 
3 20 36 67 
3 22 36 68 
3 19 36 69 
3 23 36 70 
3 18 36 71 
0 29 11 0 
0 24 11 1 
0 28 11 2 
0 25 11 3 
0 27 11 4 
0 26 11 5 
0 29 10 6 
0 24 10 7 
0 28 10 8 
0 25 10 9 
0 27 10 10 
0 26 10 11 
0 29 9 12 
0 24 9 13 
0 28 9 14 
0 25 9 15 
0 27 9 16 
0 26 9 17 
0 29 8 18 
0 24 8 19 
0 28 8 20 
0 25 8 21 
0 27 8 22 
0 26 8 23 
0 29 7 24 
0 24 7 25 
0 28 7 26 
0 25 7 27 
0 27 7 28 
0 26 7 29 
0 29 6 30 
0 24 6 31 
0 28 6 32 
0 25 6 33 
0 27 6 34 
0 26 6 35 
0 29 5 36 
0 24 5 37 
0 28 5 38 
0 25 5 39 
0 27 5 40 
0 26 5 41 
0 29 4 42 
0 24 4 43 
0 28 4 44 
0 25 4 45 
0 27 4 46 
0 26 4 47 
0 29 3 48 
0 24 3 49 
0 28 3 50 
0 25 3 51 
0 27 3 52 
0 26 3 53 
0 29 2 54 
0 24 2 55 
0 28 2 56 
0 25 2 57 
0 27 2 58 
0 26 2 59 
0 29 1 60 
0 24 1 61 
0 28 1 62 
0 25 1 63 
0 27 1 64 
0 26 1 65 
0 29 0 66 
0 24 0 67 
0 28 0 68 
0 25 0 69 
0 27 0 70 
0 26 0 71 
1 29 23 0 
1 24 23 1 
1 28 23 2 
1 25 23 3 
1 27 23 4 
1 26 23 5 
1 29 22 6 
1 24 22 7 
1 28 22 8 
1 25 22 9 
1 27 22 10 
1 26 22 11 
1 29 21 12 
1 24 21 13 
1 28 21 14 
1 25 21 15 
1 27 21 16 
1 26 21 17 
1 29 20 18 
1 24 20 19 
1 28 20 20 
1 25 20 21 
1 27 20 22 
1 26 20 23 
1 29 19 24 
1 24 19 25 
1 28 19 26 
1 25 19 27 
1 27 19 28 
1 26 19 29 
1 29 18 30 
1 24 18 31 
1 28 18 32 
1 25 18 33 
1 27 18 34 
1 26 18 35 
1 29 17 36 
1 24 17 37 
1 28 17 38 
1 25 17 39 
1 27 17 40 
1 26 17 41 
1 29 16 42 
1 24 16 43 
1 28 16 44 
1 25 16 45 
1 27 16 46 
1 26 16 47 
1 29 15 48 
1 24 15 49 
1 28 15 50 
1 25 15 51 
1 27 15 52 
1 26 15 53 
1 29 14 54 
1 24 14 55 
1 28 14 56 
1 25 14 57 
1 27 14 58 
1 26 14 59 
1 29 13 60 
1 24 13 61 
1 28 13 62 
1 25 13 63 
1 27 13 64 
1 26 13 65 
1 29 12 66 
1 24 12 67 
1 28 12 68 
1 25 12 69 
1 27 12 70 
1 26 12 71 
2 27 35 0 
2 26 35 1 
2 28 35 2 
2 25 35 3 
2 29 35 4 
2 24 35 5 
2 27 34 6 
2 26 34 7 
2 28 34 8 
2 25 34 9 
2 29 34 10 
2 24 34 11 
2 27 33 12 
2 26 33 13 
2 28 33 14 
2 25 33 15 
2 29 33 16 
2 24 33 17 
2 27 32 18 
2 26 32 19 
2 28 32 20 
2 25 32 21 
2 29 32 22 
2 24 32 23 
2 27 31 24 
2 26 31 25 
2 28 31 26 
2 25 31 27 
2 29 31 28 
2 24 31 29 
2 27 30 30 
2 26 30 31 
2 28 30 32 
2 25 30 33 
2 29 30 34 
2 24 30 35 
2 27 29 36 
2 26 29 37 
2 28 29 38 
2 25 29 39 
2 29 29 40 
2 24 29 41 
2 27 28 42 
2 26 28 43 
2 28 28 44 
2 25 28 45 
2 29 28 46 
2 24 28 47 
2 27 27 48 
2 26 27 49 
2 28 27 50 
2 25 27 51 
2 29 27 52 
2 24 27 53 
2 27 26 54 
2 26 26 55 
2 28 26 56 
2 25 26 57 
2 29 26 58 
2 24 26 59 
2 27 25 60 
2 26 25 61 
2 28 25 62 
2 25 25 63 
2 29 25 64 
2 24 25 65 
2 27 24 66 
2 26 24 67 
2 28 24 68 
2 25 24 69 
2 29 24 70 
2 24 24 71 
3 27 47 0 
3 26 47 1 
3 28 47 2 
3 25 47 3 
3 29 47 4 
3 24 47 5 
3 27 46 6 
3 26 46 7 
3 28 46 8 
3 25 46 9 
3 29 46 10 
3 24 46 11 
3 27 45 12 
3 26 45 13 
3 28 45 14 
3 25 45 15 
3 29 45 16 
3 24 45 17 
3 27 44 18 
3 26 44 19 
3 28 44 20 
3 25 44 21 
3 29 44 22 
3 24 44 23 
3 27 43 24 
3 26 43 25 
3 28 43 26 
3 25 43 27 
3 29 43 28 
3 24 43 29 
3 27 42 30 
3 26 42 31 
3 28 42 32 
3 25 42 33 
3 29 42 34 
3 24 42 35 
3 27 41 36 
3 26 41 37 
3 28 41 38 
3 25 41 39 
3 29 41 40 
3 24 41 41 
3 27 40 42 
3 26 40 43 
3 28 40 44 
3 25 40 45 
3 29 40 46 
3 24 40 47 
3 27 39 48 
3 26 39 49 
3 28 39 50 
3 25 39 51 
3 29 39 52 
3 24 39 53 
3 27 38 54 
3 26 38 55 
3 28 38 56 
3 25 38 57 
3 29 38 58 
3 24 38 59 
3 27 37 60 
3 26 37 61 
3 28 37 62 
3 25 37 63 
3 29 37 64 
3 24 37 65 
3 27 36 66 
3 26 36 67 
3 28 36 68 
3 25 36 69 
3 29 36 70 
3 24 36 71 
0 35 11 0 
0 30 11 1 
0 34 11 2 
0 31 11 3 
0 33 11 4 
0 32 11 5 
0 35 10 6 
0 30 10 7 
0 34 10 8 
0 31 10 9 
0 33 10 10 
0 32 10 11 
0 35 9 12 
0 30 9 13 
0 34 9 14 
0 31 9 15 
0 33 9 16 
0 32 9 17 
0 35 8 18 
0 30 8 19 
0 34 8 20 
0 31 8 21 
0 33 8 22 
0 32 8 23 
0 35 7 24 
0 30 7 25 
0 34 7 26 
0 31 7 27 
0 33 7 28 
0 32 7 29 
0 35 6 30 
0 30 6 31 
0 34 6 32 
0 31 6 33 
0 33 6 34 
0 32 6 35 
0 35 5 36 
0 30 5 37 
0 34 5 38 
0 31 5 39 
0 33 5 40 
0 32 5 41 
0 35 4 42 
0 30 4 43 
0 34 4 44 
0 31 4 45 
0 33 4 46 
0 32 4 47 
0 35 3 48 
0 30 3 49 
0 34 3 50 
0 31 3 51 
0 33 3 52 
0 32 3 53 
0 35 2 54 
0 30 2 55 
0 34 2 56 
0 31 2 57 
0 33 2 58 
0 32 2 59 
0 35 1 60 
0 30 1 61 
0 34 1 62 
0 31 1 63 
0 33 1 64 
0 32 1 65 
0 35 0 66 
0 30 0 67 
0 34 0 68 
0 31 0 69 
0 33 0 70 
0 32 0 71 
1 35 23 0 
1 30 23 1 
1 34 23 2 
1 31 23 3 
1 33 23 4 
1 32 23 5 
1 35 22 6 
1 30 22 7 
1 34 22 8 
1 31 22 9 
1 33 22 10 
1 32 22 11 
1 35 21 12 
1 30 21 13 
1 34 21 14 
1 31 21 15 
1 33 21 16 
1 32 21 17 
1 35 20 18 
1 30 20 19 
1 34 20 20 
1 31 20 21 
1 33 20 22 
1 32 20 23 
1 35 19 24 
1 30 19 25 
1 34 19 26 
1 31 19 27 
1 33 19 28 
1 32 19 29 
1 35 18 30 
1 30 18 31 
1 34 18 32 
1 31 18 33 
1 33 18 34 
1 32 18 35 
1 35 17 36 
1 30 17 37 
1 34 17 38 
1 31 17 39 
1 33 17 40 
1 32 17 41 
1 35 16 42 
1 30 16 43 
1 34 16 44 
1 31 16 45 
1 33 16 46 
1 32 16 47 
1 35 15 48 
1 30 15 49 
1 34 15 50 
1 31 15 51 
1 33 15 52 
1 32 15 53 
1 35 14 54 
1 30 14 55 
1 34 14 56 
1 31 14 57 
1 33 14 58 
1 32 14 59 
1 35 13 60 
1 30 13 61 
1 34 13 62 
1 31 13 63 
1 33 13 64 
1 32 13 65 
1 35 12 66 
1 30 12 67 
1 34 12 68 
1 31 12 69 
1 33 12 70 
1 32 12 71 
2 33 35 0 
2 32 35 1 
2 34 35 2 
2 31 35 3 
2 35 35 4 
2 30 35 5 
2 33 34 6 
2 32 34 7 
2 34 34 8 
2 31 34 9 
2 35 34 10 
2 30 34 11 
2 33 33 12 
2 32 33 13 
2 34 33 14 
2 31 33 15 
2 35 33 16 
2 30 33 17 
2 33 32 18 
2 32 32 19 
2 34 32 20 
2 31 32 21 
2 35 32 22 
2 30 32 23 
2 33 31 24 
2 32 31 25 
2 34 31 26 
2 31 31 27 
2 35 31 28 
2 30 31 29 
2 33 30 30 
2 32 30 31 
2 34 30 32 
2 31 30 33 
2 35 30 34 
2 30 30 35 
2 33 29 36 
2 32 29 37 
2 34 29 38 
2 31 29 39 
2 35 29 40 
2 30 29 41 
2 33 28 42 
2 32 28 43 
2 34 28 44 
2 31 28 45 
2 35 28 46 
2 30 28 47 
2 33 27 48 
2 32 27 49 
2 34 27 50 
2 31 27 51 
2 35 27 52 
2 30 27 53 
2 33 26 54 
2 32 26 55 
2 34 26 56 
2 31 26 57 
2 35 26 58 
2 30 26 59 
2 33 25 60 
2 32 25 61 
2 34 25 62 
2 31 25 63 
2 35 25 64 
2 30 25 65 
2 33 24 66 
2 32 24 67 
2 34 24 68 
2 31 24 69 
2 35 24 70 
2 30 24 71 
3 33 47 0 
3 32 47 1 
3 34 47 2 
3 31 47 3 
3 35 47 4 
3 30 47 5 
3 33 46 6 
3 32 46 7 
3 34 46 8 
3 31 46 9 
3 35 46 10 
3 30 46 11 
3 33 45 12 
3 32 45 13 
3 34 45 14 
3 31 45 15 
3 35 45 16 
3 30 45 17 
3 33 44 18 
3 32 44 19 
3 34 44 20 
3 31 44 21 
3 35 44 22 
3 30 44 23 
3 33 43 24 
3 32 43 25 
3 34 43 26 
3 31 43 27 
3 35 43 28 
3 30 43 29 
3 33 42 30 
3 32 42 31 
3 34 42 32 
3 31 42 33 
3 35 42 34 
3 30 42 35 
3 33 41 36 
3 32 41 37 
3 34 41 38 
3 31 41 39 
3 35 41 40 
3 30 41 41 
3 33 40 42 
3 32 40 43 
3 34 40 44 
3 31 40 45 
3 35 40 46 
3 30 40 47 
3 33 39 48 
3 32 39 49 
3 34 39 50 
3 31 39 51 
3 35 39 52 
3 30 39 53 
3 33 38 54 
3 32 38 55 
3 34 38 56 
3 31 38 57 
3 35 38 58 
3 30 38 59 
3 33 37 60 
3 32 37 61 
3 34 37 62 
3 31 37 63 
3 35 37 64 
3 30 37 65 
3 33 36 66 
3 32 36 67 
3 34 36 68 
3 31 36 69 
3 35 36 70 
3 30 36 71 
