0 11 5 0 
0 11 0 1 
0 11 4 2 
0 11 1 3 
0 11 3 4 
0 11 2 5 
0 10 5 6 
0 10 0 7 
0 10 4 8 
0 10 1 9 
0 10 3 10 
0 10 2 11 
0 9 5 12 
0 9 0 13 
0 9 4 14 
0 9 1 15 
0 9 3 16 
0 9 2 17 
0 8 5 18 
0 8 0 19 
0 8 4 20 
0 8 1 21 
0 8 3 22 
0 8 2 23 
0 7 5 24 
0 7 0 25 
0 7 4 26 
0 7 1 27 
0 7 3 28 
0 7 2 29 
0 6 5 30 
0 6 0 31 
0 6 4 32 
0 6 1 33 
0 6 3 34 
0 6 2 35 
0 5 5 36 
0 5 0 37 
0 5 4 38 
0 5 1 39 
0 5 3 40 
0 5 2 41 
0 4 5 42 
0 4 0 43 
0 4 4 44 
0 4 1 45 
0 4 3 46 
0 4 2 47 
0 3 5 48 
0 3 0 49 
0 3 4 50 
0 3 1 51 
0 3 3 52 
0 3 2 53 
0 2 5 54 
0 2 0 55 
0 2 4 56 
0 2 1 57 
0 2 3 58 
0 2 2 59 
0 1 5 60 
0 1 0 61 
0 1 4 62 
0 1 1 63 
0 1 3 64 
0 1 2 65 
0 0 5 66 
0 0 0 67 
0 0 4 68 
0 0 1 69 
0 0 3 70 
0 0 2 71 
1 23 5 0 
1 23 0 1 
1 23 4 2 
1 23 1 3 
1 23 3 4 
1 23 2 5 
1 22 5 6 
1 22 0 7 
1 22 4 8 
1 22 1 9 
1 22 3 10 
1 22 2 11 
1 21 5 12 
1 21 0 13 
1 21 4 14 
1 21 1 15 
1 21 3 16 
1 21 2 17 
1 20 5 18 
1 20 0 19 
1 20 4 20 
1 20 1 21 
1 20 3 22 
1 20 2 23 
1 19 5 24 
1 19 0 25 
1 19 4 26 
1 19 1 27 
1 19 3 28 
1 19 2 29 
1 18 5 30 
1 18 0 31 
1 18 4 32 
1 18 1 33 
1 18 3 34 
1 18 2 35 
1 17 5 36 
1 17 0 37 
1 17 4 38 
1 17 1 39 
1 17 3 40 
1 17 2 41 
1 16 5 42 
1 16 0 43 
1 16 4 44 
1 16 1 45 
1 16 3 46 
1 16 2 47 
1 15 5 48 
1 15 0 49 
1 15 4 50 
1 15 1 51 
1 15 3 52 
1 15 2 53 
1 14 5 54 
1 14 0 55 
1 14 4 56 
1 14 1 57 
1 14 3 58 
1 14 2 59 
1 13 5 60 
1 13 0 61 
1 13 4 62 
1 13 1 63 
1 13 3 64 
1 13 2 65 
1 12 5 66 
1 12 0 67 
1 12 4 68 
1 12 1 69 
1 12 3 70 
1 12 2 71 
2 35 3 0 
2 35 2 1 
2 35 4 2 
2 35 1 3 
2 35 5 4 
2 35 0 5 
2 34 3 6 
2 34 2 7 
2 34 4 8 
2 34 1 9 
2 34 5 10 
2 34 0 11 
2 33 3 12 
2 33 2 13 
2 33 4 14 
2 33 1 15 
2 33 5 16 
2 33 0 17 
2 32 3 18 
2 32 2 19 
2 32 4 20 
2 32 1 21 
2 32 5 22 
2 32 0 23 
2 31 3 24 
2 31 2 25 
2 31 4 26 
2 31 1 27 
2 31 5 28 
2 31 0 29 
2 30 3 30 
2 30 2 31 
2 30 4 32 
2 30 1 33 
2 30 5 34 
2 30 0 35 
2 29 3 36 
2 29 2 37 
2 29 4 38 
2 29 1 39 
2 29 5 40 
2 29 0 41 
2 28 3 42 
2 28 2 43 
2 28 4 44 
2 28 1 45 
2 28 5 46 
2 28 0 47 
2 27 3 48 
2 27 2 49 
2 27 4 50 
2 27 1 51 
2 27 5 52 
2 27 0 53 
2 26 3 54 
2 26 2 55 
2 26 4 56 
2 26 1 57 
2 26 5 58 
2 26 0 59 
2 25 3 60 
2 25 2 61 
2 25 4 62 
2 25 1 63 
2 25 5 64 
2 25 0 65 
2 24 3 66 
2 24 2 67 
2 24 4 68 
2 24 1 69 
2 24 5 70 
2 24 0 71 
3 47 3 0 
3 47 2 1 
3 47 4 2 
3 47 1 3 
3 47 5 4 
3 47 0 5 
3 46 3 6 
3 46 2 7 
3 46 4 8 
3 46 1 9 
3 46 5 10 
3 46 0 11 
3 45 3 12 
3 45 2 13 
3 45 4 14 
3 45 1 15 
3 45 5 16 
3 45 0 17 
3 44 3 18 
3 44 2 19 
3 44 4 20 
3 44 1 21 
3 44 5 22 
3 44 0 23 
3 43 3 24 
3 43 2 25 
3 43 4 26 
3 43 1 27 
3 43 5 28 
3 43 0 29 
3 42 3 30 
3 42 2 31 
3 42 4 32 
3 42 1 33 
3 42 5 34 
3 42 0 35 
3 41 3 36 
3 41 2 37 
3 41 4 38 
3 41 1 39 
3 41 5 40 
3 41 0 41 
3 40 3 42 
3 40 2 43 
3 40 4 44 
3 40 1 45 
3 40 5 46 
3 40 0 47 
3 39 3 48 
3 39 2 49 
3 39 4 50 
3 39 1 51 
3 39 5 52 
3 39 0 53 
3 38 3 54 
3 38 2 55 
3 38 4 56 
3 38 1 57 
3 38 5 58 
3 38 0 59 
3 37 3 60 
3 37 2 61 
3 37 4 62 
3 37 1 63 
3 37 5 64 
3 37 0 65 
3 36 3 66 
3 36 2 67 
3 36 4 68 
3 36 1 69 
3 36 5 70 
3 36 0 71 
0 11 11 0 
0 11 6 1 
0 11 10 2 
0 11 7 3 
0 11 9 4 
0 11 8 5 
0 10 11 6 
0 10 6 7 
0 10 10 8 
0 10 7 9 
0 10 9 10 
0 10 8 11 
0 9 11 12 
0 9 6 13 
0 9 10 14 
0 9 7 15 
0 9 9 16 
0 9 8 17 
0 8 11 18 
0 8 6 19 
0 8 10 20 
0 8 7 21 
0 8 9 22 
0 8 8 23 
0 7 11 24 
0 7 6 25 
0 7 10 26 
0 7 7 27 
0 7 9 28 
0 7 8 29 
0 6 11 30 
0 6 6 31 
0 6 10 32 
0 6 7 33 
0 6 9 34 
0 6 8 35 
0 5 11 36 
0 5 6 37 
0 5 10 38 
0 5 7 39 
0 5 9 40 
0 5 8 41 
0 4 11 42 
0 4 6 43 
0 4 10 44 
0 4 7 45 
0 4 9 46 
0 4 8 47 
0 3 11 48 
0 3 6 49 
0 3 10 50 
0 3 7 51 
0 3 9 52 
0 3 8 53 
0 2 11 54 
0 2 6 55 
0 2 10 56 
0 2 7 57 
0 2 9 58 
0 2 8 59 
0 1 11 60 
0 1 6 61 
0 1 10 62 
0 1 7 63 
0 1 9 64 
0 1 8 65 
0 0 11 66 
0 0 6 67 
0 0 10 68 
0 0 7 69 
0 0 9 70 
0 0 8 71 
1 23 11 0 
1 23 6 1 
1 23 10 2 
1 23 7 3 
1 23 9 4 
1 23 8 5 
1 22 11 6 
1 22 6 7 
1 22 10 8 
1 22 7 9 
1 22 9 10 
1 22 8 11 
1 21 11 12 
1 21 6 13 
1 21 10 14 
1 21 7 15 
1 21 9 16 
1 21 8 17 
1 20 11 18 
1 20 6 19 
1 20 10 20 
1 20 7 21 
1 20 9 22 
1 20 8 23 
1 19 11 24 
1 19 6 25 
1 19 10 26 
1 19 7 27 
1 19 9 28 
1 19 8 29 
1 18 11 30 
1 18 6 31 
1 18 10 32 
1 18 7 33 
1 18 9 34 
1 18 8 35 
1 17 11 36 
1 17 6 37 
1 17 10 38 
1 17 7 39 
1 17 9 40 
1 17 8 41 
1 16 11 42 
1 16 6 43 
1 16 10 44 
1 16 7 45 
1 16 9 46 
1 16 8 47 
1 15 11 48 
1 15 6 49 
1 15 10 50 
1 15 7 51 
1 15 9 52 
1 15 8 53 
1 14 11 54 
1 14 6 55 
1 14 10 56 
1 14 7 57 
1 14 9 58 
1 14 8 59 
1 13 11 60 
1 13 6 61 
1 13 10 62 
1 13 7 63 
1 13 9 64 
1 13 8 65 
1 12 11 66 
1 12 6 67 
1 12 10 68 
1 12 7 69 
1 12 9 70 
1 12 8 71 
2 35 9 0 
2 35 8 1 
2 35 10 2 
2 35 7 3 
2 35 11 4 
2 35 6 5 
2 34 9 6 
2 34 8 7 
2 34 10 8 
2 34 7 9 
2 34 11 10 
2 34 6 11 
2 33 9 12 
2 33 8 13 
2 33 10 14 
2 33 7 15 
2 33 11 16 
2 33 6 17 
2 32 9 18 
2 32 8 19 
2 32 10 20 
2 32 7 21 
2 32 11 22 
2 32 6 23 
2 31 9 24 
2 31 8 25 
2 31 10 26 
2 31 7 27 
2 31 11 28 
2 31 6 29 
2 30 9 30 
2 30 8 31 
2 30 10 32 
2 30 7 33 
2 30 11 34 
2 30 6 35 
2 29 9 36 
2 29 8 37 
2 29 10 38 
2 29 7 39 
2 29 11 40 
2 29 6 41 
2 28 9 42 
2 28 8 43 
2 28 10 44 
2 28 7 45 
2 28 11 46 
2 28 6 47 
2 27 9 48 
2 27 8 49 
2 27 10 50 
2 27 7 51 
2 27 11 52 
2 27 6 53 
2 26 9 54 
2 26 8 55 
2 26 10 56 
2 26 7 57 
2 26 11 58 
2 26 6 59 
2 25 9 60 
2 25 8 61 
2 25 10 62 
2 25 7 63 
2 25 11 64 
2 25 6 65 
2 24 9 66 
2 24 8 67 
2 24 10 68 
2 24 7 69 
2 24 11 70 
2 24 6 71 
3 47 9 0 
3 47 8 1 
3 47 10 2 
3 47 7 3 
3 47 11 4 
3 47 6 5 
3 46 9 6 
3 46 8 7 
3 46 10 8 
3 46 7 9 
3 46 11 10 
3 46 6 11 
3 45 9 12 
3 45 8 13 
3 45 10 14 
3 45 7 15 
3 45 11 16 
3 45 6 17 
3 44 9 18 
3 44 8 19 
3 44 10 20 
3 44 7 21 
3 44 11 22 
3 44 6 23 
3 43 9 24 
3 43 8 25 
3 43 10 26 
3 43 7 27 
3 43 11 28 
3 43 6 29 
3 42 9 30 
3 42 8 31 
3 42 10 32 
3 42 7 33 
3 42 11 34 
3 42 6 35 
3 41 9 36 
3 41 8 37 
3 41 10 38 
3 41 7 39 
3 41 11 40 
3 41 6 41 
3 40 9 42 
3 40 8 43 
3 40 10 44 
3 40 7 45 
3 40 11 46 
3 40 6 47 
3 39 9 48 
3 39 8 49 
3 39 10 50 
3 39 7 51 
3 39 11 52 
3 39 6 53 
3 38 9 54 
3 38 8 55 
3 38 10 56 
3 38 7 57 
3 38 11 58 
3 38 6 59 
3 37 9 60 
3 37 8 61 
3 37 10 62 
3 37 7 63 
3 37 11 64 
3 37 6 65 
3 36 9 66 
3 36 8 67 
3 36 10 68 
3 36 7 69 
3 36 11 70 
3 36 6 71 
0 11 17 0 
0 11 12 1 
0 11 16 2 
0 11 13 3 
0 11 15 4 
0 11 14 5 
0 10 17 6 
0 10 12 7 
0 10 16 8 
0 10 13 9 
0 10 15 10 
0 10 14 11 
0 9 17 12 
0 9 12 13 
0 9 16 14 
0 9 13 15 
0 9 15 16 
0 9 14 17 
0 8 17 18 
0 8 12 19 
0 8 16 20 
0 8 13 21 
0 8 15 22 
0 8 14 23 
0 7 17 24 
0 7 12 25 
0 7 16 26 
0 7 13 27 
0 7 15 28 
0 7 14 29 
0 6 17 30 
0 6 12 31 
0 6 16 32 
0 6 13 33 
0 6 15 34 
0 6 14 35 
0 5 17 36 
0 5 12 37 
0 5 16 38 
0 5 13 39 
0 5 15 40 
0 5 14 41 
0 4 17 42 
0 4 12 43 
0 4 16 44 
0 4 13 45 
0 4 15 46 
0 4 14 47 
0 3 17 48 
0 3 12 49 
0 3 16 50 
0 3 13 51 
0 3 15 52 
0 3 14 53 
0 2 17 54 
0 2 12 55 
0 2 16 56 
0 2 13 57 
0 2 15 58 
0 2 14 59 
0 1 17 60 
0 1 12 61 
0 1 16 62 
0 1 13 63 
0 1 15 64 
0 1 14 65 
0 0 17 66 
0 0 12 67 
0 0 16 68 
0 0 13 69 
0 0 15 70 
0 0 14 71 
1 23 17 0 
1 23 12 1 
1 23 16 2 
1 23 13 3 
1 23 15 4 
1 23 14 5 
1 22 17 6 
1 22 12 7 
1 22 16 8 
1 22 13 9 
1 22 15 10 
1 22 14 11 
1 21 17 12 
1 21 12 13 
1 21 16 14 
1 21 13 15 
1 21 15 16 
1 21 14 17 
1 20 17 18 
1 20 12 19 
1 20 16 20 
1 20 13 21 
1 20 15 22 
1 20 14 23 
1 19 17 24 
1 19 12 25 
1 19 16 26 
1 19 13 27 
1 19 15 28 
1 19 14 29 
1 18 17 30 
1 18 12 31 
1 18 16 32 
1 18 13 33 
1 18 15 34 
1 18 14 35 
1 17 17 36 
1 17 12 37 
1 17 16 38 
1 17 13 39 
1 17 15 40 
1 17 14 41 
1 16 17 42 
1 16 12 43 
1 16 16 44 
1 16 13 45 
1 16 15 46 
1 16 14 47 
1 15 17 48 
1 15 12 49 
1 15 16 50 
1 15 13 51 
1 15 15 52 
1 15 14 53 
1 14 17 54 
1 14 12 55 
1 14 16 56 
1 14 13 57 
1 14 15 58 
1 14 14 59 
1 13 17 60 
1 13 12 61 
1 13 16 62 
1 13 13 63 
1 13 15 64 
1 13 14 65 
1 12 17 66 
1 12 12 67 
1 12 16 68 
1 12 13 69 
1 12 15 70 
1 12 14 71 
2 35 15 0 
2 35 14 1 
2 35 16 2 
2 35 13 3 
2 35 17 4 
2 35 12 5 
2 34 15 6 
2 34 14 7 
2 34 16 8 
2 34 13 9 
2 34 17 10 
2 34 12 11 
2 33 15 12 
2 33 14 13 
2 33 16 14 
2 33 13 15 
2 33 17 16 
2 33 12 17 
2 32 15 18 
2 32 14 19 
2 32 16 20 
2 32 13 21 
2 32 17 22 
2 32 12 23 
2 31 15 24 
2 31 14 25 
2 31 16 26 
2 31 13 27 
2 31 17 28 
2 31 12 29 
2 30 15 30 
2 30 14 31 
2 30 16 32 
2 30 13 33 
2 30 17 34 
2 30 12 35 
2 29 15 36 
2 29 14 37 
2 29 16 38 
2 29 13 39 
2 29 17 40 
2 29 12 41 
2 28 15 42 
2 28 14 43 
2 28 16 44 
2 28 13 45 
2 28 17 46 
2 28 12 47 
2 27 15 48 
2 27 14 49 
2 27 16 50 
2 27 13 51 
2 27 17 52 
2 27 12 53 
2 26 15 54 
2 26 14 55 
2 26 16 56 
2 26 13 57 
2 26 17 58 
2 26 12 59 
2 25 15 60 
2 25 14 61 
2 25 16 62 
2 25 13 63 
2 25 17 64 
2 25 12 65 
2 24 15 66 
2 24 14 67 
2 24 16 68 
2 24 13 69 
2 24 17 70 
2 24 12 71 
3 47 15 0 
3 47 14 1 
3 47 16 2 
3 47 13 3 
3 47 17 4 
3 47 12 5 
3 46 15 6 
3 46 14 7 
3 46 16 8 
3 46 13 9 
3 46 17 10 
3 46 12 11 
3 45 15 12 
3 45 14 13 
3 45 16 14 
3 45 13 15 
3 45 17 16 
3 45 12 17 
3 44 15 18 
3 44 14 19 
3 44 16 20 
3 44 13 21 
3 44 17 22 
3 44 12 23 
3 43 15 24 
3 43 14 25 
3 43 16 26 
3 43 13 27 
3 43 17 28 
3 43 12 29 
3 42 15 30 
3 42 14 31 
3 42 16 32 
3 42 13 33 
3 42 17 34 
3 42 12 35 
3 41 15 36 
3 41 14 37 
3 41 16 38 
3 41 13 39 
3 41 17 40 
3 41 12 41 
3 40 15 42 
3 40 14 43 
3 40 16 44 
3 40 13 45 
3 40 17 46 
3 40 12 47 
3 39 15 48 
3 39 14 49 
3 39 16 50 
3 39 13 51 
3 39 17 52 
3 39 12 53 
3 38 15 54 
3 38 14 55 
3 38 16 56 
3 38 13 57 
3 38 17 58 
3 38 12 59 
3 37 15 60 
3 37 14 61 
3 37 16 62 
3 37 13 63 
3 37 17 64 
3 37 12 65 
3 36 15 66 
3 36 14 67 
3 36 16 68 
3 36 13 69 
3 36 17 70 
3 36 12 71 
0 11 23 0 
0 11 18 1 
0 11 22 2 
0 11 19 3 
0 11 21 4 
0 11 20 5 
0 10 23 6 
0 10 18 7 
0 10 22 8 
0 10 19 9 
0 10 21 10 
0 10 20 11 
0 9 23 12 
0 9 18 13 
0 9 22 14 
0 9 19 15 
0 9 21 16 
0 9 20 17 
0 8 23 18 
0 8 18 19 
0 8 22 20 
0 8 19 21 
0 8 21 22 
0 8 20 23 
0 7 23 24 
0 7 18 25 
0 7 22 26 
0 7 19 27 
0 7 21 28 
0 7 20 29 
0 6 23 30 
0 6 18 31 
0 6 22 32 
0 6 19 33 
0 6 21 34 
0 6 20 35 
0 5 23 36 
0 5 18 37 
0 5 22 38 
0 5 19 39 
0 5 21 40 
0 5 20 41 
0 4 23 42 
0 4 18 43 
0 4 22 44 
0 4 19 45 
0 4 21 46 
0 4 20 47 
0 3 23 48 
0 3 18 49 
0 3 22 50 
0 3 19 51 
0 3 21 52 
0 3 20 53 
0 2 23 54 
0 2 18 55 
0 2 22 56 
0 2 19 57 
0 2 21 58 
0 2 20 59 
0 1 23 60 
0 1 18 61 
0 1 22 62 
0 1 19 63 
0 1 21 64 
0 1 20 65 
0 0 23 66 
0 0 18 67 
0 0 22 68 
0 0 19 69 
0 0 21 70 
0 0 20 71 
1 23 23 0 
1 23 18 1 
1 23 22 2 
1 23 19 3 
1 23 21 4 
1 23 20 5 
1 22 23 6 
1 22 18 7 
1 22 22 8 
1 22 19 9 
1 22 21 10 
1 22 20 11 
1 21 23 12 
1 21 18 13 
1 21 22 14 
1 21 19 15 
1 21 21 16 
1 21 20 17 
1 20 23 18 
1 20 18 19 
1 20 22 20 
1 20 19 21 
1 20 21 22 
1 20 20 23 
1 19 23 24 
1 19 18 25 
1 19 22 26 
1 19 19 27 
1 19 21 28 
1 19 20 29 
1 18 23 30 
1 18 18 31 
1 18 22 32 
1 18 19 33 
1 18 21 34 
1 18 20 35 
1 17 23 36 
1 17 18 37 
1 17 22 38 
1 17 19 39 
1 17 21 40 
1 17 20 41 
1 16 23 42 
1 16 18 43 
1 16 22 44 
1 16 19 45 
1 16 21 46 
1 16 20 47 
1 15 23 48 
1 15 18 49 
1 15 22 50 
1 15 19 51 
1 15 21 52 
1 15 20 53 
1 14 23 54 
1 14 18 55 
1 14 22 56 
1 14 19 57 
1 14 21 58 
1 14 20 59 
1 13 23 60 
1 13 18 61 
1 13 22 62 
1 13 19 63 
1 13 21 64 
1 13 20 65 
1 12 23 66 
1 12 18 67 
1 12 22 68 
1 12 19 69 
1 12 21 70 
1 12 20 71 
2 35 21 0 
2 35 20 1 
2 35 22 2 
2 35 19 3 
2 35 23 4 
2 35 18 5 
2 34 21 6 
2 34 20 7 
2 34 22 8 
2 34 19 9 
2 34 23 10 
2 34 18 11 
2 33 21 12 
2 33 20 13 
2 33 22 14 
2 33 19 15 
2 33 23 16 
2 33 18 17 
2 32 21 18 
2 32 20 19 
2 32 22 20 
2 32 19 21 
2 32 23 22 
2 32 18 23 
2 31 21 24 
2 31 20 25 
2 31 22 26 
2 31 19 27 
2 31 23 28 
2 31 18 29 
2 30 21 30 
2 30 20 31 
2 30 22 32 
2 30 19 33 
2 30 23 34 
2 30 18 35 
2 29 21 36 
2 29 20 37 
2 29 22 38 
2 29 19 39 
2 29 23 40 
2 29 18 41 
2 28 21 42 
2 28 20 43 
2 28 22 44 
2 28 19 45 
2 28 23 46 
2 28 18 47 
2 27 21 48 
2 27 20 49 
2 27 22 50 
2 27 19 51 
2 27 23 52 
2 27 18 53 
2 26 21 54 
2 26 20 55 
2 26 22 56 
2 26 19 57 
2 26 23 58 
2 26 18 59 
2 25 21 60 
2 25 20 61 
2 25 22 62 
2 25 19 63 
2 25 23 64 
2 25 18 65 
2 24 21 66 
2 24 20 67 
2 24 22 68 
2 24 19 69 
2 24 23 70 
2 24 18 71 
3 47 21 0 
3 47 20 1 
3 47 22 2 
3 47 19 3 
3 47 23 4 
3 47 18 5 
3 46 21 6 
3 46 20 7 
3 46 22 8 
3 46 19 9 
3 46 23 10 
3 46 18 11 
3 45 21 12 
3 45 20 13 
3 45 22 14 
3 45 19 15 
3 45 23 16 
3 45 18 17 
3 44 21 18 
3 44 20 19 
3 44 22 20 
3 44 19 21 
3 44 23 22 
3 44 18 23 
3 43 21 24 
3 43 20 25 
3 43 22 26 
3 43 19 27 
3 43 23 28 
3 43 18 29 
3 42 21 30 
3 42 20 31 
3 42 22 32 
3 42 19 33 
3 42 23 34 
3 42 18 35 
3 41 21 36 
3 41 20 37 
3 41 22 38 
3 41 19 39 
3 41 23 40 
3 41 18 41 
3 40 21 42 
3 40 20 43 
3 40 22 44 
3 40 19 45 
3 40 23 46 
3 40 18 47 
3 39 21 48 
3 39 20 49 
3 39 22 50 
3 39 19 51 
3 39 23 52 
3 39 18 53 
3 38 21 54 
3 38 20 55 
3 38 22 56 
3 38 19 57 
3 38 23 58 
3 38 18 59 
3 37 21 60 
3 37 20 61 
3 37 22 62 
3 37 19 63 
3 37 23 64 
3 37 18 65 
3 36 21 66 
3 36 20 67 
3 36 22 68 
3 36 19 69 
3 36 23 70 
3 36 18 71 
0 11 29 0 
0 11 24 1 
0 11 28 2 
0 11 25 3 
0 11 27 4 
0 11 26 5 
0 10 29 6 
0 10 24 7 
0 10 28 8 
0 10 25 9 
0 10 27 10 
0 10 26 11 
0 9 29 12 
0 9 24 13 
0 9 28 14 
0 9 25 15 
0 9 27 16 
0 9 26 17 
0 8 29 18 
0 8 24 19 
0 8 28 20 
0 8 25 21 
0 8 27 22 
0 8 26 23 
0 7 29 24 
0 7 24 25 
0 7 28 26 
0 7 25 27 
0 7 27 28 
0 7 26 29 
0 6 29 30 
0 6 24 31 
0 6 28 32 
0 6 25 33 
0 6 27 34 
0 6 26 35 
0 5 29 36 
0 5 24 37 
0 5 28 38 
0 5 25 39 
0 5 27 40 
0 5 26 41 
0 4 29 42 
0 4 24 43 
0 4 28 44 
0 4 25 45 
0 4 27 46 
0 4 26 47 
0 3 29 48 
0 3 24 49 
0 3 28 50 
0 3 25 51 
0 3 27 52 
0 3 26 53 
0 2 29 54 
0 2 24 55 
0 2 28 56 
0 2 25 57 
0 2 27 58 
0 2 26 59 
0 1 29 60 
0 1 24 61 
0 1 28 62 
0 1 25 63 
0 1 27 64 
0 1 26 65 
0 0 29 66 
0 0 24 67 
0 0 28 68 
0 0 25 69 
0 0 27 70 
0 0 26 71 
1 23 29 0 
1 23 24 1 
1 23 28 2 
1 23 25 3 
1 23 27 4 
1 23 26 5 
1 22 29 6 
1 22 24 7 
1 22 28 8 
1 22 25 9 
1 22 27 10 
1 22 26 11 
1 21 29 12 
1 21 24 13 
1 21 28 14 
1 21 25 15 
1 21 27 16 
1 21 26 17 
1 20 29 18 
1 20 24 19 
1 20 28 20 
1 20 25 21 
1 20 27 22 
1 20 26 23 
1 19 29 24 
1 19 24 25 
1 19 28 26 
1 19 25 27 
1 19 27 28 
1 19 26 29 
1 18 29 30 
1 18 24 31 
1 18 28 32 
1 18 25 33 
1 18 27 34 
1 18 26 35 
1 17 29 36 
1 17 24 37 
1 17 28 38 
1 17 25 39 
1 17 27 40 
1 17 26 41 
1 16 29 42 
1 16 24 43 
1 16 28 44 
1 16 25 45 
1 16 27 46 
1 16 26 47 
1 15 29 48 
1 15 24 49 
1 15 28 50 
1 15 25 51 
1 15 27 52 
1 15 26 53 
1 14 29 54 
1 14 24 55 
1 14 28 56 
1 14 25 57 
1 14 27 58 
1 14 26 59 
1 13 29 60 
1 13 24 61 
1 13 28 62 
1 13 25 63 
1 13 27 64 
1 13 26 65 
1 12 29 66 
1 12 24 67 
1 12 28 68 
1 12 25 69 
1 12 27 70 
1 12 26 71 
2 35 27 0 
2 35 26 1 
2 35 28 2 
2 35 25 3 
2 35 29 4 
2 35 24 5 
2 34 27 6 
2 34 26 7 
2 34 28 8 
2 34 25 9 
2 34 29 10 
2 34 24 11 
2 33 27 12 
2 33 26 13 
2 33 28 14 
2 33 25 15 
2 33 29 16 
2 33 24 17 
2 32 27 18 
2 32 26 19 
2 32 28 20 
2 32 25 21 
2 32 29 22 
2 32 24 23 
2 31 27 24 
2 31 26 25 
2 31 28 26 
2 31 25 27 
2 31 29 28 
2 31 24 29 
2 30 27 30 
2 30 26 31 
2 30 28 32 
2 30 25 33 
2 30 29 34 
2 30 24 35 
2 29 27 36 
2 29 26 37 
2 29 28 38 
2 29 25 39 
2 29 29 40 
2 29 24 41 
2 28 27 42 
2 28 26 43 
2 28 28 44 
2 28 25 45 
2 28 29 46 
2 28 24 47 
2 27 27 48 
2 27 26 49 
2 27 28 50 
2 27 25 51 
2 27 29 52 
2 27 24 53 
2 26 27 54 
2 26 26 55 
2 26 28 56 
2 26 25 57 
2 26 29 58 
2 26 24 59 
2 25 27 60 
2 25 26 61 
2 25 28 62 
2 25 25 63 
2 25 29 64 
2 25 24 65 
2 24 27 66 
2 24 26 67 
2 24 28 68 
2 24 25 69 
2 24 29 70 
2 24 24 71 
3 47 27 0 
3 47 26 1 
3 47 28 2 
3 47 25 3 
3 47 29 4 
3 47 24 5 
3 46 27 6 
3 46 26 7 
3 46 28 8 
3 46 25 9 
3 46 29 10 
3 46 24 11 
3 45 27 12 
3 45 26 13 
3 45 28 14 
3 45 25 15 
3 45 29 16 
3 45 24 17 
3 44 27 18 
3 44 26 19 
3 44 28 20 
3 44 25 21 
3 44 29 22 
3 44 24 23 
3 43 27 24 
3 43 26 25 
3 43 28 26 
3 43 25 27 
3 43 29 28 
3 43 24 29 
3 42 27 30 
3 42 26 31 
3 42 28 32 
3 42 25 33 
3 42 29 34 
3 42 24 35 
3 41 27 36 
3 41 26 37 
3 41 28 38 
3 41 25 39 
3 41 29 40 
3 41 24 41 
3 40 27 42 
3 40 26 43 
3 40 28 44 
3 40 25 45 
3 40 29 46 
3 40 24 47 
3 39 27 48 
3 39 26 49 
3 39 28 50 
3 39 25 51 
3 39 29 52 
3 39 24 53 
3 38 27 54 
3 38 26 55 
3 38 28 56 
3 38 25 57 
3 38 29 58 
3 38 24 59 
3 37 27 60 
3 37 26 61 
3 37 28 62 
3 37 25 63 
3 37 29 64 
3 37 24 65 
3 36 27 66 
3 36 26 67 
3 36 28 68 
3 36 25 69 
3 36 29 70 
3 36 24 71 
0 11 35 0 
0 11 30 1 
0 11 34 2 
0 11 31 3 
0 11 33 4 
0 11 32 5 
0 10 35 6 
0 10 30 7 
0 10 34 8 
0 10 31 9 
0 10 33 10 
0 10 32 11 
0 9 35 12 
0 9 30 13 
0 9 34 14 
0 9 31 15 
0 9 33 16 
0 9 32 17 
0 8 35 18 
0 8 30 19 
0 8 34 20 
0 8 31 21 
0 8 33 22 
0 8 32 23 
0 7 35 24 
0 7 30 25 
0 7 34 26 
0 7 31 27 
0 7 33 28 
0 7 32 29 
0 6 35 30 
0 6 30 31 
0 6 34 32 
0 6 31 33 
0 6 33 34 
0 6 32 35 
0 5 35 36 
0 5 30 37 
0 5 34 38 
0 5 31 39 
0 5 33 40 
0 5 32 41 
0 4 35 42 
0 4 30 43 
0 4 34 44 
0 4 31 45 
0 4 33 46 
0 4 32 47 
0 3 35 48 
0 3 30 49 
0 3 34 50 
0 3 31 51 
0 3 33 52 
0 3 32 53 
0 2 35 54 
0 2 30 55 
0 2 34 56 
0 2 31 57 
0 2 33 58 
0 2 32 59 
0 1 35 60 
0 1 30 61 
0 1 34 62 
0 1 31 63 
0 1 33 64 
0 1 32 65 
0 0 35 66 
0 0 30 67 
0 0 34 68 
0 0 31 69 
0 0 33 70 
0 0 32 71 
1 23 35 0 
1 23 30 1 
1 23 34 2 
1 23 31 3 
1 23 33 4 
1 23 32 5 
1 22 35 6 
1 22 30 7 
1 22 34 8 
1 22 31 9 
1 22 33 10 
1 22 32 11 
1 21 35 12 
1 21 30 13 
1 21 34 14 
1 21 31 15 
1 21 33 16 
1 21 32 17 
1 20 35 18 
1 20 30 19 
1 20 34 20 
1 20 31 21 
1 20 33 22 
1 20 32 23 
1 19 35 24 
1 19 30 25 
1 19 34 26 
1 19 31 27 
1 19 33 28 
1 19 32 29 
1 18 35 30 
1 18 30 31 
1 18 34 32 
1 18 31 33 
1 18 33 34 
1 18 32 35 
1 17 35 36 
1 17 30 37 
1 17 34 38 
1 17 31 39 
1 17 33 40 
1 17 32 41 
1 16 35 42 
1 16 30 43 
1 16 34 44 
1 16 31 45 
1 16 33 46 
1 16 32 47 
1 15 35 48 
1 15 30 49 
1 15 34 50 
1 15 31 51 
1 15 33 52 
1 15 32 53 
1 14 35 54 
1 14 30 55 
1 14 34 56 
1 14 31 57 
1 14 33 58 
1 14 32 59 
1 13 35 60 
1 13 30 61 
1 13 34 62 
1 13 31 63 
1 13 33 64 
1 13 32 65 
1 12 35 66 
1 12 30 67 
1 12 34 68 
1 12 31 69 
1 12 33 70 
1 12 32 71 
2 35 33 0 
2 35 32 1 
2 35 34 2 
2 35 31 3 
2 35 35 4 
2 35 30 5 
2 34 33 6 
2 34 32 7 
2 34 34 8 
2 34 31 9 
2 34 35 10 
2 34 30 11 
2 33 33 12 
2 33 32 13 
2 33 34 14 
2 33 31 15 
2 33 35 16 
2 33 30 17 
2 32 33 18 
2 32 32 19 
2 32 34 20 
2 32 31 21 
2 32 35 22 
2 32 30 23 
2 31 33 24 
2 31 32 25 
2 31 34 26 
2 31 31 27 
2 31 35 28 
2 31 30 29 
2 30 33 30 
2 30 32 31 
2 30 34 32 
2 30 31 33 
2 30 35 34 
2 30 30 35 
2 29 33 36 
2 29 32 37 
2 29 34 38 
2 29 31 39 
2 29 35 40 
2 29 30 41 
2 28 33 42 
2 28 32 43 
2 28 34 44 
2 28 31 45 
2 28 35 46 
2 28 30 47 
2 27 33 48 
2 27 32 49 
2 27 34 50 
2 27 31 51 
2 27 35 52 
2 27 30 53 
2 26 33 54 
2 26 32 55 
2 26 34 56 
2 26 31 57 
2 26 35 58 
2 26 30 59 
2 25 33 60 
2 25 32 61 
2 25 34 62 
2 25 31 63 
2 25 35 64 
2 25 30 65 
2 24 33 66 
2 24 32 67 
2 24 34 68 
2 24 31 69 
2 24 35 70 
2 24 30 71 
3 47 33 0 
3 47 32 1 
3 47 34 2 
3 47 31 3 
3 47 35 4 
3 47 30 5 
3 46 33 6 
3 46 32 7 
3 46 34 8 
3 46 31 9 
3 46 35 10 
3 46 30 11 
3 45 33 12 
3 45 32 13 
3 45 34 14 
3 45 31 15 
3 45 35 16 
3 45 30 17 
3 44 33 18 
3 44 32 19 
3 44 34 20 
3 44 31 21 
3 44 35 22 
3 44 30 23 
3 43 33 24 
3 43 32 25 
3 43 34 26 
3 43 31 27 
3 43 35 28 
3 43 30 29 
3 42 33 30 
3 42 32 31 
3 42 34 32 
3 42 31 33 
3 42 35 34 
3 42 30 35 
3 41 33 36 
3 41 32 37 
3 41 34 38 
3 41 31 39 
3 41 35 40 
3 41 30 41 
3 40 33 42 
3 40 32 43 
3 40 34 44 
3 40 31 45 
3 40 35 46 
3 40 30 47 
3 39 33 48 
3 39 32 49 
3 39 34 50 
3 39 31 51 
3 39 35 52 
3 39 30 53 
3 38 33 54 
3 38 32 55 
3 38 34 56 
3 38 31 57 
3 38 35 58 
3 38 30 59 
3 37 33 60 
3 37 32 61 
3 37 34 62 
3 37 31 63 
3 37 35 64 
3 37 30 65 
3 36 33 66 
3 36 32 67 
3 36 34 68 
3 36 31 69 
3 36 35 70 
3 36 30 71 
