0	257.659	6.74682	284.646
1	282.657	6.35173	308.064
2	198.469	6.74153	225.435
3	303.487	6.55909	329.723
4	212.949	6.64797	239.541
5	174.149	6.57122	200.434
6	234.442	6.61913	260.918
7	190.93	6.52363	217.024
8	236.969	6.81847	264.243
9	193.807	6.69978	220.607
10	318.322	6.86875	345.796
11	266.542	6.7264	293.447
12	159.772	6.62669	186.279
13	222.183	6.58066	248.506
14	166.035	6.88052	193.557
15	250.919	6.82165	278.206
16	131.942	6.75932	158.98
17	258.444	6.87279	285.935
18	272.738	6.75238	299.747
19	282.902	6.51809	308.974
20	221.137	6.86633	248.602
21	220.778	6.80916	248.015
22	193.573	6.78355	220.708
23	206.576	6.75759	233.607
24	221.064	6.79096	248.228
25	258.985	6.57738	285.295
26	218.882	6.90752	246.512
27	240.375	6.77749	267.485
28	268.638	6.86349	296.092
29	194.668	6.79615	221.853
30	219.554	6.78358	246.688
31	224.431	6.67757	251.141
32	303.623	6.86835	331.096
33	240.207	6.79059	267.369
34	223.411	6.88864	250.966
35	250.931	6.91343	278.585
36	324.35	6.73886	351.305
37	172.761	6.68019	199.482
38	191.361	6.54318	217.533
39	262.276	6.64394	288.851
40	300.234	6.95437	328.051
41	199.679	6.79538	226.861
42	261.583	6.76579	288.646
43	218.026	6.726	244.93
44	275.481	6.6506	302.083
45	255.602	6.60872	282.037
46	239.223	6.7582	266.256
47	247.369	6.69202	274.137
48	214.036	6.8528	241.447
49	222.966	6.77689	250.073
50	290.504	6.51172	316.551
51	237.114	6.65451	263.732
52	160.537	6.54956	186.736
53	194.902	6.60339	221.316
54	214.298	6.71973	241.177
55	198.975	6.90751	226.605
56	177.102	6.56636	203.368
57	227.63	6.43962	253.388
58	270.989	6.63035	297.51
59	225.158	6.53767	251.309
60	250.97	6.82329	278.263
61	161.996	3.44251	175.766
62	213.823	6.71582	240.686
63	169.575	6.65906	196.211
64	200.963	6.86127	228.408
65	104.443	6.72911	131.36
66	174.757	7.27325	203.85
67	180.762	3.54325	194.935
68	263.81	7.0916	292.177
69	99.7305	6.99664	127.717
70	271.831	7.41224	301.48
71	204.646	7.31941	233.924
72	243.528	6.57348	269.822
73	260.239	6.47972	286.158
74	273.347	6.42975	299.066
75	252.704	6.3426	278.075
76	210.626	6.40629	236.251
77	215.215	6.38516	240.755
78	323.3	6.65017	349.9
79	235.748	6.45465	261.567
80	284.648	6.52565	310.751
81	231.31	6.58886	257.665
82	296.255	6.42066	321.938
83	262.398	6.44345	288.172
84	170.863	6.55893	197.099
85	251.53	6.46262	277.38
86	170.82	6.48554	196.762
87	194.335	6.53716	220.483
88	158.191	6.60765	184.622
89	196.736	6.49714	222.724
90	210.842	6.41792	236.514
91	192.053	6.60344	218.467
92	214.486	6.49394	240.462
93	261.879	6.53345	288.012
94	202.843	6.41116	228.488
95	137.498	6.48166	163.425
96	242.351	6.52117	268.435
97	201.841	6.55454	228.059
98	182.097	6.61099	208.541
99	261.696	6.46277	287.547
100	182.857	6.58405	209.193
101	198.004	6.5023	224.013
102	257.337	6.64591	283.92
103	200.107	6.54116	226.272
104	303.428	6.67916	330.144
105	232.574	6.44409	258.351
106	275.625	6.75462	302.644
107	174.312	6.57183	200.599
108	287.131	6.67506	313.832
109	248.306	6.39476	273.885
110	247.157	6.78389	274.292
111	177.651	6.4055	203.273
112	218	6.63617	244.545
113	277.785	6.45894	303.621
114	136.385	6.64072	162.947
115	217.509	6.47136	243.394
116	301.057	6.62818	327.57
117	235.059	6.50991	261.099
118	271.909	6.63661	298.456
119	213.44	6.6473	240.029
120	180.275	6.53567	206.418
121	191.142	6.72175	218.029
122	308.72	6.73258	335.65
123	240.676	6.58043	266.998
124	262.771	6.73206	289.699
125	188.206	6.72908	215.122
126	263.818	6.62352	290.312
127	286.154	6.70854	312.989
128	282.712	6.7437	309.686
129	218.184	6.62507	244.684
130	148.767	6.89792	176.358
131	229.895	6.66647	256.56
132	217.491	6.64594	244.075
133	227.541	6.60697	253.969
134	185.775	6.90266	213.385
135	219.116	6.61813	245.589
136	178.353	6.5848	204.692
137	261.282	6.5648	287.541
138	199.333	6.74743	226.323
139	203.317	6.48918	229.274
140	276.309	6.64364	302.884
141	226.408	6.61801	252.88
142	221.709	6.59308	248.082
143	252.226	6.52162	278.313
144	299.378	3.65373	313.993
145	318.747	3.57421	333.044
146	265.789	3.65006	280.389
147	253.449	3.56693	267.717
148	315.914	3.70477	330.733
149	186.411	3.5721	200.7
150	320.809	3.66139	335.455
151	260.213	3.55037	274.414
152	332.748	3.56195	346.996
153	280.983	3.47733	294.893
154	351.362	3.62602	365.866
155	284.866	3.61645	299.332
156	311.355	3.55812	325.588
157	296.788	3.53511	310.929
158	336.768	3.62976	351.287
159	181.537	3.51619	195.602
160	240.355	3.59697	254.743
161	312.782	3.53239	326.912
162	231.796	3.55966	246.034
163	289.58	3.52924	303.697
164	339.249	3.60371	353.664
165	242.368	3.60268	256.778
166	245.982	3.60239	260.391
167	321.666	3.58048	335.988
168	373.978	3.53369	388.112
169	253.767	3.54389	267.943
170	256.916	3.60298	271.328
171	234.072	3.49674	248.058
172	300.735	3.59741	315.124
173	267.303	3.49925	281.3
174	304.598	3.56021	318.839
175	310.968	3.49203	324.936
176	248.275	3.58646	262.621
177	272.073	3.54721	286.262
178	310.143	3.51829	324.216
179	221.816	3.59358	236.19
180	317.869	3.58987	332.229
181	294.852	3.38812	308.404
182	285.816	3.52292	299.908
183	174.728	3.5608	188.971
184	262.842	3.5045	276.86
185	263.292	3.519	277.368
186	365.892	3.50497	379.912
187	322.088	3.52238	336.177
188	317.565	3.67643	332.271
189	217.586	3.42006	231.266
190	252.567	3.52663	266.673
191	229.126	3.50958	243.165
192	281.711	3.59155	296.078
193	320.206	3.51168	334.253
194	268.067	3.61539	282.528
195	264.708	3.45235	278.517
196	262.451	3.55875	276.686
197	264.292	3.5073	278.321
198	254.535	3.54209	268.704
199	284.782	3.51769	298.853
200	262.88	3.63886	277.436
201	330.38	3.58315	344.713
202	259.171	3.61028	273.612
203	315.367	3.53285	329.498
204	283.417	3.56482	297.677
205	277.942	3.44699	291.73
206	323.566	3.58124	337.891
207	313.085	3.48118	327.01
208	284.998	3.56291	299.25
209	245.671	3.47103	259.555
210	314.698	3.559	328.934
211	320.271	3.5998	334.67
212	330.921	3.55406	345.137
213	302.835	3.47404	316.732
214	197.317	3.57732	211.626
215	312.025	3.43841	325.779
216	292.733	7.50389	322.748
217	205.258	7.34837	234.652
218	301.178	7.61111	331.623
219	250.075	7.36003	279.515
220	303.65	7.58321	333.983
221	278.086	7.45966	307.925
222	221.314	7.26967	250.393
223	246.963	7.08224	275.292
224	305.002	7.2165	333.868
225	153.057	6.98419	180.994
226	251.787	7.26242	280.836
227	179.664	7.23415	208.601
228	230.264	7.07661	258.571
229	207.585	7.00058	235.588
230	241.517	6.9182	269.189
231	192.423	6.91284	220.074
232	124.281	6.99992	152.281
233	264.667	6.99188	292.634
234	248.224	6.83751	275.574
235	203.132	6.94002	230.892
236	238.486	6.7591	265.523
237	198.502	6.80219	225.711
238	244.341	6.91538	272.003
239	236.649	6.87193	264.137
240	221.701	6.91402	249.357
241	259.208	6.99623	287.193
242	245.141	6.81425	272.398
243	232.926	6.69609	259.711
244	241.979	6.83349	269.313
245	271.237	6.91797	298.909
246	225.93	7.18157	254.656
247	276.782	7.23662	305.728
248	245.057	6.82704	272.365
249	307.65	6.82276	334.941
250	355.614	6.77332	382.707
251	261.325	6.94223	289.094
252	276.095	7.05447	304.313
253	262.601	7.15087	291.205
254	252.431	6.97606	280.335
255	227.431	7.02583	255.534
256	252.867	6.80653	280.093
257	219.48	6.87261	246.97
258	281.674	6.92655	309.38
259	232.643	6.93291	260.374
260	368.029	7.07537	396.33
261	230.308	7.0171	258.377
262	243.385	7.00084	271.388
263	298.968	6.89661	326.554
264	201.832	7.15597	230.455
265	251.191	6.8738	278.687
266	232.777	7.26819	261.849
267	232.798	6.92977	260.517
268	170.397	7.0228	198.488
269	299.004	6.94492	326.784
270	266.827	7.1896	295.585
271	205.043	6.95997	232.883
272	304.29	7.1005	332.692
273	229.283	6.9733	257.176
274	191.54	6.89248	219.11
275	236.518	6.90861	264.153
276	259.684	7.15174	288.291
277	297.316	6.88497	324.856
278	233.182	7.08596	261.526
279	257.093	6.95212	284.901
280	210.901	6.95528	238.722
281	241.081	6.7822	268.21
282	257.047	6.96469	284.905
283	277.666	6.88199	305.194
284	293.859	6.9123	321.508
285	216.459	6.92318	244.151
286	317.97	6.89629	345.555
287	237.624	6.8733	265.117
288	235.278	6.86319	262.731
289	391.94	6.58575	418.283
290	344.899	6.92884	372.615
291	254.018	6.80475	281.237
292	301.598	6.91947	329.275
293	258.762	6.83723	286.111
294	275.239	6.85349	302.653
295	250.657	6.68066	277.38
296	283.336	7.06957	311.614
297	264.36	6.92521	292.061
298	305.709	7.04194	333.876
299	293.146	6.92804	320.858
300	253.037	6.85976	280.476
301	237.704	6.6211	264.189
302	314.846	7.11623	343.311
303	270.637	7.05654	298.863
304	249.738	6.91206	277.386
305	310.987	6.9241	338.684
306	272.737	6.90331	300.351
307	223.568	6.73282	250.499
308	273.094	7.0537	301.309
309	279.729	6.81302	306.981
310	248.402	6.9043	276.019
311	286.741	6.88847	314.295
312	266.689	6.7569	293.716
313	262.489	6.88602	290.033
314	307.021	6.91684	334.688
315	306.27	6.93448	334.008
316	298.078	6.94262	325.849
317	280.239	6.89674	307.826
318	241.931	6.8216	269.217
319	337.489	6.84881	364.884
320	187.466	6.92967	215.184
321	338.627	6.97473	366.526
322	299.057	7.08743	327.407
323	258.731	7.08372	287.066
324	272.25	6.71749	299.12
325	291.917	6.78771	319.068
326	229.847	6.75945	256.885
327	254.351	6.78734	281.5
328	302.033	6.90988	329.673
329	308.695	6.92591	336.398
330	273.001	6.76511	300.062
331	277.23	6.74027	304.192
332	239.811	6.79252	266.981
333	360.424	6.64778	387.016
334	298.085	6.87916	325.601
335	238.042	6.728	264.954
336	243.339	6.81188	270.586
337	261.947	6.91405	289.603
338	196.504	6.73289	223.436
339	314.848	6.77237	341.937
340	266.227	6.88607	293.772
341	261.055	6.74941	288.053
342	268.855	6.75485	295.874
343	317.09	6.8176	344.36
344	304.732	6.90018	332.332
345	252.262	6.66443	278.92
346	263.643	6.87705	291.151
347	320.86	6.78675	348.007
348	372.411	7.08289	400.743
349	191.76	6.74884	218.756
350	312.072	6.84171	339.439
351	277.272	6.81519	304.532
352	315.903	6.83243	343.233
353	285.199	6.85387	312.615
354	265.716	7.31661	294.982
355	356.596	7.12326	385.089
356	314.39	7.18396	343.126
357	328.574	7.07776	356.885
358	215.969	7.11404	244.425
359	302.46	7.1854	331.202
360	240.12	6.61747	266.59
361	286.636	6.6579	313.268
362	253.793	6.5536	280.007
363	200.252	6.39887	225.848
364	283.49	6.67639	310.196
365	251.324	6.42867	277.039
366	196.453	6.50548	222.475
367	217.481	6.65168	244.088
368	241.781	6.67993	268.5
369	263.744	6.52039	289.826
370	274.776	6.54258	300.946
371	290.985	6.58029	317.306
372	220.142	6.70471	246.961
373	299.306	6.64247	325.876
374	215.536	6.68491	242.276
375	323.828	6.53761	349.978
376	246.184	6.61555	272.647
377	279.584	6.59939	305.981
378	260.448	6.48351	286.382
379	305.429	6.53451	331.567
380	248.66	6.64327	275.233
381	311.096	6.53095	337.219
382	240.617	6.62683	267.124
383	280.382	6.66911	307.058
384	231.836	6.56592	258.1
385	236.585	6.44956	262.384
386	224.841	6.82452	252.139
387	227.789	6.67382	254.485
388	311.82	6.66221	338.469
389	240.972	6.70527	267.794
390	234.479	6.66464	261.137
391	266.658	6.60124	293.063
392	278.215	6.82541	305.517
393	237.919	6.58144	264.245
394	287.367	6.84102	314.731
395	286.692	6.80812	313.924
396	233.577	6.49854	259.571
397	276.293	6.56703	302.561
398	243.285	6.62817	269.797
399	261.221	6.58018	287.542
400	254.128	6.66521	280.789
401	206.388	6.54693	232.576
402	261.562	6.54942	287.76
403	267.278	6.55979	293.517
404	210.496	6.61897	236.972
405	199.142	6.58178	225.469
406	352.905	6.88534	380.446
407	207.265	6.56956	233.543
408	261.698	6.46905	287.574
409	264.226	6.49631	290.212
410	238.605	6.70368	265.42
411	247.097	6.71537	273.958
412	254.324	6.75219	281.333
413	234.215	6.71168	261.062
414	288.212	6.69908	315.009
415	271.344	6.59894	297.739
416	185.798	6.78664	212.944
417	277.044	6.73328	303.977
418	295.358	6.78929	322.515
419	214.208	6.83119	241.532
420	314.263	6.65082	340.867
421	265.453	6.45912	291.289
422	294.081	6.74351	321.055
423	262.688	6.69959	289.486
424	188.751	6.68702	215.499
425	296.472	6.78316	323.605
426	274.736	6.70295	301.548
427	295.398	6.59185	321.765
428	219.798	6.82223	247.087
429	283.672	6.78532	310.814
430	237.461	6.82207	264.749
431	296.911	6.81447	324.169
432	354.806	3.66941	369.484
433	215.257	3.47277	229.148
434	193.633	3.66971	208.312
435	378.671	3.49059	392.633
436	291.743	3.64966	306.341
437	216.699	3.48147	230.625
438	228.36	3.50196	242.368
439	264.851	3.5649	279.111
440	239.495	3.61987	253.975
441	209.799	3.49938	223.796
442	180.951	3.65644	195.577
443	299.719	3.4737	313.614
444	216.656	3.60068	231.058
445	272.765	3.54338	286.938
446	210.738	3.59539	225.12
447	309.454	3.53417	323.59
448	238.927	3.60203	253.336
449	190.348	3.51934	204.425
450	254.389	3.6504	268.99
451	297.344	3.52449	311.442
452	252.383	3.63851	266.937
453	258.887	3.48181	272.814
454	249.833	3.61756	264.304
455	271.023	3.52948	285.141
456	234.064	3.62679	248.572
457	257.035	3.54404	271.211
458	341.292	3.61383	355.747
459	158.105	3.71253	172.955
460	315.507	3.73206	330.435
461	272.246	3.54734	286.435
462	294.727	3.68968	309.486
463	277.261	3.56634	291.527
464	321.234	3.59749	335.624
465	240.211	3.5751	254.512
466	178.742	3.62264	193.232
467	251.632	3.55246	265.842
468	314.594	3.50003	328.594
469	291.8	3.38341	305.333
470	306.538	3.50905	320.575
471	289.062	3.41244	302.712
472	283.04	3.65003	297.64
473	297.091	3.42839	310.805
474	270.185	3.49479	284.164
475	336.858	3.45544	350.68
476	170.977	3.50244	184.986
477	266.513	3.4659	280.376
478	299.444	3.52452	313.542
479	309.429	3.57335	323.722
480	243.686	3.5673	257.956
481	195.317	3.45922	209.154
482	191.047	3.56911	205.323
483	287.249	3.53116	301.373
484	347.11	3.64464	361.688
485	222.199	3.67721	236.908
486	184.084	3.63872	198.639
487	257.528	3.39662	271.115
488	260.796	3.55028	274.997
489	208.782	3.45145	222.588
490	269.454	3.61088	283.898
491	253.294	3.52742	267.404
492	229.229	3.5006	243.232
493	222.172	3.68416	236.909
494	261.833	3.61029	276.274
495	339.783	3.51265	353.833
496	237.051	3.54216	251.219
497	255.076	3.48542	269.018
498	247.406	3.61907	261.882
499	237.07	3.45649	250.896
500	248.226	3.54218	262.395
501	233.184	3.46692	247.052
502	239.115	3.57588	253.418
503	223.557	3.62956	238.075
504	391.701	7.3713	421.187
505	314.537	7.20296	343.349
506	325.012	7.34527	354.393
507	314.584	7.21795	343.456
508	282.688	7.63196	313.216
509	308.038	7.50496	338.058
510	312.188	7.20704	341.016
511	247.052	6.93295	274.783
512	279.176	7.33892	308.531
513	239.326	6.97085	267.209
514	299.898	7.25927	328.935
515	200.185	6.99118	228.149
516	306.599	7.03106	334.723
517	305.985	6.85684	333.412
518	281.515	7.04073	309.678
519	322.608	6.74342	349.582
520	358.865	6.94718	386.654
521	254.661	6.95771	282.492
522	281.436	7.05591	309.659
523	371.271	6.8256	398.573
524	288.458	2.61806	298.93
525	247.762	6.74646	274.748
526	245.525	6.78932	272.682
527	294.549	6.89106	322.114
528	327.26	2.53155	337.387
529	368.634	6.8201	395.914
530	295.831	6.78116	322.956
531	271.248	7.02999	299.368
532	355.183	6.77627	382.288
533	262.91	6.83383	290.245
534	375.085	6.88978	402.644
535	320.712	6.8539	348.128
536	270.414	6.78279	297.545
537	266.008	6.89277	293.579
538	355.398	6.86588	382.862
539	301.479	6.90654	329.105
540	325.986	2.32988	335.305
541	288.437	7.0449	316.616
542	295.668	6.79978	322.867
543	397.018	7.09287	425.389
544	230.736	2.48233	240.665
545	354.499	6.79293	381.671
546	269.327	6.78224	296.456
547	283.592	6.88419	311.129
548	337.398	2.47503	347.299
549	352.104	7.05916	380.341
550	326.562	6.67146	353.247
551	321.225	6.81324	348.478
552	349.909	2.58908	360.265
553	392.276	6.6874	419.026
554	307.748	7.00811	335.78
555	273.433	7.05739	301.663
556	304.855	2.43721	314.604
557	319.525	6.81786	346.796
558	370.873	6.9939	398.848
559	290.76	7.06781	319.031
560	319.163	2.38661	328.709
561	319.72	6.9641	347.577
562	285.271	6.84972	312.669
563	254.505	6.75053	281.508
564	247.894	2.38221	257.423
565	335.148	6.95953	362.986
566	294.895	7.08346	323.229
567	320.872	7.04484	349.052
568	294.916	6.9817	322.843
569	317.164	6.69129	343.929
570	316.29	6.86827	343.763
571	309.801	6.85812	337.233
572	236.568	6.8554	263.99
573	314.501	6.7829	341.632
574	318.45	6.59381	344.825
575	267.584	6.59282	293.955
576	251.15	6.69721	277.939
577	177.07	6.70596	203.894
578	230.472	6.77811	257.585
579	200.237	6.70084	227.04
580	225.275	6.95163	253.082
581	197.657	6.45346	223.471
582	235.181	6.80454	262.399
583	201.433	6.60332	227.846
584	154.664	6.90238	182.273
585	270.32	6.88665	297.867
586	186.353	6.88611	213.897
587	198.415	6.80726	225.644
588	270.677	6.79616	297.862
589	158.641	6.77182	185.728
590	233.831	7.04523	262.012
591	206.922	6.85022	234.323
592	212.68	7.01247	240.73
593	220.131	6.8542	247.548
594	154.993	6.67873	181.708
595	236.161	6.85406	263.578
596	247.372	7.1197	275.85
597	248.519	6.98765	276.47
598	196.156	6.97665	224.062
599	223.759	6.84024	251.12
600	244.668	6.76672	271.735
601	195.461	6.77738	222.57
602	192.454	6.91557	220.116
603	192.612	6.77697	219.72
604	260.953	7.01959	289.031
605	198.729	6.77717	225.838
606	196.064	6.81882	223.339
607	265.917	6.85708	293.345
608	291.645	7.14619	320.229
609	176.962	6.89403	204.538
610	197.054	7.10596	225.478
611	234.855	6.94539	262.637
612	242.441	6.8809	269.964
613	175.216	6.71622	202.081
614	197.775	6.81901	225.051
615	198.42	6.6743	225.117
616	229.855	6.98353	257.79
617	272.882	6.82775	300.193
618	214.363	6.74665	241.35
619	213.383	6.66106	240.027
620	204.395	6.8337	231.73
621	257.565	6.50146	283.571
622	261.532	6.795	288.712
623	251.099	6.77217	278.188
624	246.735	6.85641	274.16
625	263.199	6.64748	289.789
626	174.429	6.92034	202.11
627	266.441	6.66821	293.114
628	230.442	6.91026	258.083
629	205.507	6.87434	233.005
630	242.247	6.95012	270.047
631	280.341	6.68667	307.087
632	221.168	6.93987	248.927
633	240.155	6.76972	267.234
634	264.592	6.90388	292.207
635	258.817	6.85273	286.228
636	221.916	6.86535	249.377
637	255.362	6.78225	282.491
638	173.797	6.84909	201.193
639	225.992	6.83744	253.342
640	122.21	6.9404	149.972
641	235.709	6.81125	262.954
642	240.218	6.95342	268.032
643	255.482	7.24208	284.45
644	225.195	6.93592	252.938
645	191.083	15.504	253.099
646	182.882	6.95708	210.71
647	181.524	2.2817	190.651
648	323.605	6.6159	350.068
649	347.02	6.34949	372.418
650	201.069	6.6154	227.53
651	325.267	6.32226	350.556
652	294.755	6.44463	320.533
653	263.598	6.1627	288.249
654	268.274	6.42597	293.978
655	241.174	6.40133	266.779
656	159.354	6.56056	185.596
657	222.743	6.4232	248.436
658	181.545	6.4384	207.299
659	248.428	6.35451	273.846
660	185.991	6.51304	212.043
661	268.806	6.31672	294.073
662	287.198	6.59639	313.583
663	286.087	6.37538	311.589
664	286.927	6.57527	313.228
665	258.679	6.48818	284.632
666	255.752	6.57449	282.05
667	275.174	6.33662	300.521
668	205.237	6.56266	231.487
669	289.248	6.50024	315.249
670	247.716	6.50348	273.73
671	223.428	6.52783	249.54
672	364.26	6.4557	390.083
673	280.78	6.49724	306.769
674	186.789	6.64918	213.386
675	240.991	6.62571	267.494
676	260.854	6.67236	287.544
677	265.009	6.51378	291.064
678	235.22	6.54057	261.382
679	187.573	6.71305	214.425
680	138.792	6.74518	165.773
681	240.258	6.64946	266.856
682	232.322	6.54943	258.52
683	188.12	6.50259	214.13
684	245.93	6.45081	271.733
685	197.005	6.60109	223.409
686	257.206	6.64256	283.777
687	256.761	6.59337	283.134
688	255.864	6.49294	281.836
689	231.448	6.36485	256.907
690	272.221	6.49946	298.219
691	312.603	6.75507	339.623
692	271.077	6.65497	297.697
693	288.099	6.52053	314.181
694	239.191	6.71398	266.047
695	286.979	6.53822	313.132
696	280.052	6.62832	306.565
697	260.929	6.42715	286.637
698	306.464	6.81752	333.734
699	272.186	6.62498	298.686
700	247.983	6.5769	274.291
701	279.248	6.68639	305.994
702	245.342	6.6799	272.061
703	295.51	6.50448	321.528
704	267.533	6.80616	294.758
705	180.518	6.70119	207.323
706	280.614	6.55153	306.821
707	232.492	6.66951	259.17
708	187.71	6.59944	214.108
709	234.999	6.72388	261.894
710	232.983	6.62588	259.487
711	264.206	6.79008	291.366
712	282.084	6.58692	308.431
713	278.547	6.69634	305.333
714	270.003	6.49512	295.983
715	213.14	6.5855	239.482
716	222.397	6.82324	249.69
717	243.452	6.66157	270.098
718	236.871	6.73234	263.801
719	259.529	6.77801	286.641
720	266.059	6.95867	293.893
721	250.99	3.62553	265.492
722	303.563	7.06283	331.814
723	246.252	3.61015	260.692
724	261.279	6.89186	288.846
725	203.736	3.62626	218.241
726	213.567	6.85926	241.004
727	207.605	3.60471	222.024
728	224.934	6.96663	252.801
729	279.865	3.63399	294.401
730	281.295	6.85318	308.708
731	294.142	3.5873	308.491
732	306.488	6.95228	334.297
733	266.775	3.62668	281.281
734	253.285	6.97705	281.193
735	237.035	3.57967	251.354
736	303.18	6.88138	330.706
737	160.206	3.57511	174.506
738	232.277	6.9421	260.045
739	282.663	3.5987	297.058
740	174.166	7.01776	202.237
741	294.438	3.54361	308.613
742	241.096	6.88389	268.631
743	222.451	3.66096	237.095
744	237.723	6.77771	264.833
745	231.943	3.61547	246.405
746	230.705	6.92739	258.414
747	214.726	3.608	229.158
748	224.676	6.93314	252.409
749	283.68	3.63341	298.214
750	215.346	6.76856	242.421
751	196.564	3.67483	211.263
752	252.188	6.94787	279.979
753	273.398	3.55859	287.632
754	309.428	6.94245	337.198
755	228.806	3.61275	243.257
756	246.491	6.66088	273.134
757	267.187	3.37206	280.676
758	260.06	6.74924	287.057
759	274.948	3.41426	288.605
760	260.314	6.70127	287.119
761	246.685	3.43891	260.441
762	262.928	6.56414	289.184
763	360.009	3.47207	373.897
764	340.368	6.77221	367.457
765	268.762	3.42696	282.47
766	273.508	6.58437	299.846
767	260.999	3.45111	274.804
768	261.662	6.38887	287.218
769	241.833	3.50993	255.873
770	257.555	6.64657	284.141
771	298.116	3.48659	312.062
772	291.992	6.48565	317.935
773	266.412	3.545	280.592
774	256.373	6.51082	282.417
775	227.038	3.52812	241.15
776	267.895	6.58155	294.221
777	218.887	3.5246	232.985
778	296.878	6.5744	323.175
779	296.964	3.47734	310.873
780	255.541	6.81792	282.813
781	253.65	3.53522	267.791
782	319.727	6.81993	347.006
783	284.229	3.4521	298.038
784	339.095	6.56772	365.366
785	238.266	3.48049	252.188
786	193.507	6.67171	220.194
787	237.967	3.50082	251.971
788	186.885	6.64582	213.468
789	283.846	3.45816	297.678
790	284.196	6.41408	309.852
791	329.297	3.53262	343.427
792	298.843	2.51654	308.909
793	326.12	7.6481	356.713
794	305.415	7.62585	335.919
795	204.365	7.63986	234.924
796	216.305	2.51613	226.37
797	303.014	7.563	333.266
798	319.145	7.1128	347.596
799	235.202	7.27686	264.31
800	277.44	2.52627	287.545
801	262.167	7.08104	290.491
802	299.531	7.0004	327.532
803	282.375	7.0919	310.742
804	337.565	2.51009	347.606
805	292.435	6.8217	319.721
806	307.475	6.71448	334.333
807	252.908	6.76735	279.977
808	239.79	6.53976	265.949
809	219.504	7.0268	247.611
810	274.224	6.87789	301.735
811	248.815	6.9941	276.791
812	318.532	6.77836	345.646
813	222.58	6.84048	249.942
814	309.458	6.77224	336.547
815	281.904	6.77253	308.995
816	263.331	7.04669	291.517
817	223.05	7.10276	251.461
818	251.588	6.87718	279.097
819	308.985	6.96371	336.84
820	227.371	7.11674	255.837
821	321.867	6.79209	349.036
822	201.43	7.25352	230.444
823	327.134	7.02382	355.23
824	213.617	6.98636	241.562
825	255.048	6.88399	282.584
826	241.299	7.04731	269.488
827	276.413	6.8488	303.809
828	224.171	6.99394	252.146
829	269.528	6.93964	297.287
830	204.122	6.98706	232.07
831	207.752	6.9495	235.55
832	271.805	6.84329	299.179
833	286.243	6.84459	313.621
834	167.111	6.81651	194.377
835	268.165	6.74317	295.137
836	293.039	6.7976	320.229
837	288.718	6.91138	316.364
838	288.673	6.70921	315.51
839	220.174	6.78562	247.316
840	259.189	6.72975	286.107
841	303.449	6.79203	330.618
842	258.718	6.75631	285.743
843	257.351	6.83585	284.695
844	245.306	6.57107	271.59
845	216.384	6.68513	243.125
846	280.876	6.89211	308.444
847	321.205	6.9466	348.991
848	340.887	6.94193	368.655
849	246.612	6.93716	274.36
850	296.982	6.65667	323.609
851	241.873	6.71031	268.714
852	255.49	6.87329	282.983
853	298.615	6.953	326.427
854	305.363	7.21321	334.216
855	265.836	6.9979	293.827
856	288.804	6.91954	316.482
857	241.218	6.81621	268.483
858	294.789	6.89146	322.354
859	286.406	6.78479	313.545
860	272.71	7.01738	300.779
861	268.809	6.76361	295.863
862	214.572	6.88668	242.119
863	232.203	6.87286	259.695
864	295.91	6.79509	323.09
865	350.275	6.81721	377.544
866	259.83	6.52274	285.921
867	362.254	6.95892	390.09
868	331.571	6.77142	358.657
869	235.221	6.95612	263.046
870	192.602	6.60883	219.037
871	333.914	6.81934	361.191
872	251.896	6.54876	278.091
873	289.963	7.0051	317.983
874	181.346	6.88366	208.88
875	289.173	6.90123	316.778
876	187.594	6.81936	214.872
877	276.197	6.81932	303.474
878	277.376	6.96458	305.235
879	196.072	6.94167	223.839
880	252.694	7.03025	280.815
881	205.878	7.06855	234.152
882	309.94	6.88422	337.477
883	219.159	6.75325	246.172
884	261.994	7.16184	290.641
885	319.758	6.9991	347.754
886	252.976	7.31955	282.254
887	257.666	7.04526	285.847
888	274.156	6.60508	300.576
889	192.831	6.8612	220.275
890	276.157	7.14136	304.722
891	253.337	7.05949	281.575
892	276.348	7.15443	304.966
893	318.225	7.17356	346.919
894	250.072	6.87898	277.588
895	263.447	6.7981	290.64
896	263.69	7.14068	292.252
897	234.271	7.16786	262.943
898	230.54	7.27419	259.636
899	334.348	7.10013	362.749
900	242.024	6.63005	268.545
901	297.71	6.77772	324.82
902	248.641	6.90742	276.271
903	225.21	6.90967	252.848
904	291.584	7.12945	320.102
905	331.533	7.09055	359.895
906	226.365	6.6717	253.052
907	332.722	6.73849	359.676
908	261.426	6.99221	289.395
909	309.92	6.81948	337.198
910	219.746	7.01045	247.788
911	309.315	6.97939	337.232
912	251.069	6.89002	278.629
913	286.742	7.01333	314.796
914	259.097	7.02217	287.186
915	238.686	6.84446	266.064
916	301.264	7.07279	329.555
917	239.648	6.85655	267.075
918	273.376	6.94511	301.157
919	242.489	7.02718	270.598
920	249.396	7.08131	277.721
921	272.622	7.06724	300.891
922	228.126	7.11595	256.59
923	234.178	6.98305	262.11
924	274.629	6.95086	302.433
925	233.215	7.04642	261.401
926	242.013	7.12337	270.507
927	275.227	7.11002	303.667
928	273.855	6.99278	301.826
929	268.085	7.17604	296.789
930	216.193	7.30843	245.427
931	245.13	7.39755	274.72
932	291.87	7.24704	320.858
933	286.441	7.39407	316.017
934	243.415	7.31713	272.684
935	239.539	7.34724	268.928
936	236.329	6.63966	262.888
937	287.107	6.48175	313.034
938	250.986	6.58583	277.33
939	201.642	6.47944	227.56
940	256.817	6.34343	282.191
941	189.078	6.3547	214.497
942	210.283	6.70776	237.114
943	219.33	6.49145	245.296
944	194.137	6.70344	220.95
945	269.826	6.51414	295.883
946	223.693	6.49052	249.655
947	160.494	6.38834	186.047
948	157.652	6.65745	184.282
949	236.974	6.59644	263.359
950	203.395	6.6824	230.125
951	157.074	6.35411	182.491
952	195.065	6.57244	221.355
953	134.442	6.39641	160.027
954	169.024	6.70353	195.838
955	209.842	6.49307	235.815
956	161.641	6.55366	187.855
957	179.07	6.56292	205.322
958	141.75	6.57837	168.064
959	193.297	6.50575	219.32
960	235.273	6.8029	262.485
961	206.575	6.55922	232.812
962	197.144	6.78948	224.302
963	135.508	6.77671	162.615
964	358.406	6.59465	384.784
965	255.524	6.75751	282.554
966	204.607	6.74744	231.596
967	241.112	6.66503	267.772
968	206.1	6.69205	232.868
969	243.482	6.88455	271.02
970	252.253	6.75302	279.265
971	301.162	6.80968	328.4
972	117.766	6.60283	144.178
973	154.315	6.51318	180.367
974	244.124	6.63009	270.644
975	295.457	6.73972	322.415
976	203.862	6.79311	231.034
977	211.6	6.80681	238.828
978	202.202	6.6307	228.725
979	194.63	6.62254	221.12
980	212.962	6.82695	240.27
981	157.126	6.55943	183.364
982	169.832	6.79828	197.025
983	226.124	6.72482	253.023
984	220.816	6.81054	248.058
985	194.284	6.73494	221.223
986	218.497	6.78066	245.619
987	237.401	6.77615	264.505
988	172.643	6.85933	200.081
989	97.8184	6.80856	125.053
990	234.978	6.79149	262.144
991	184.982	6.72226	211.871
992	228.962	6.90793	256.594
993	202.317	6.83009	229.638
994	241.664	6.70501	268.484
995	171.26	6.67705	197.968
996	240.321	6.77333	267.415
997	228.668	6.65533	255.289
998	234.199	6.8425	261.569
999	189.874	6.80338	217.088
1000	162.186	6.57052	188.468
1001	182.462	6.87188	209.95
1002	185.341	6.74488	212.32
1003	257.542	6.63595	284.086
1004	211.265	6.75865	238.3
1005	197.761	6.77447	224.859
1006	170.833	6.77574	197.936
1007	284.007	6.76096	311.05
1008	175.391	3.65735	190.021
1009	356.512	3.60833	370.945
1010	280.76	3.63735	295.309
1011	346.337	3.50867	360.371
1012	249.273	3.67234	263.963
1013	222.729	3.56731	236.998
1014	267.814	3.62231	282.303
1015	328.379	3.60489	342.799
1016	297.207	3.64928	311.804
1017	359.58	3.55891	373.816
1018	220.363	3.63573	234.905
1019	280.022	3.56724	294.291
1020	249.944	3.66362	264.599
1021	219.236	3.61151	233.682
1022	267.09	3.61434	281.547
1023	301.724	3.49868	315.719
1024	265.636	3.69389	280.412
1025	316.041	3.58461	330.38
1026	313.834	3.5648	328.093
1027	256.656	3.52961	270.774
1028	334.555	3.6071	348.983
1029	194.869	3.58211	209.197
1030	229.257	3.66337	243.91
1031	290.974	3.52695	305.082
1032	239.906	3.63922	254.463
1033	307.078	3.57736	321.387
1034	254.737	3.61491	269.197
1035	304.855	3.53752	319.005
1036	243.045	3.6294	257.563
1037	352.068	3.6457	366.651
1038	322.924	3.69385	337.699
1039	289.88	3.5672	304.149
1040	311.938	3.68526	326.679
1041	328.813	3.58979	343.173
1042	341.514	3.63459	356.053
1043	278.759	3.65543	293.381
1044	281.576	3.51128	295.621
1045	357.858	3.49479	371.837
1046	279.34	3.58492	293.68
1047	278.989	3.48769	292.94
1048	292.048	3.52327	306.141
1049	315.947	3.51883	330.022
1050	272.737	3.51143	286.782
1051	255.533	3.46316	269.386
1052	257.56	3.53102	271.684
1053	341.151	3.49664	355.137
1054	240.935	3.5736	255.23
1055	252.074	3.51344	266.128
1056	300.505	3.54192	314.673
1057	313.919	3.51211	327.967
1058	324.071	3.56782	338.342
1059	227.153	3.52103	241.237
1060	294.588	3.58654	308.934
1061	273.3	3.48727	287.249
1062	315.925	3.58979	330.285
1063	267.378	3.5024	281.387
1064	350.268	3.62236	364.757
1065	279.315	3.53079	293.438
1066	292.571	3.60819	307.004
1067	313.51	3.55808	327.742
1068	230.924	3.6176	245.395
1069	320.726	3.53674	334.873
1070	251.055	3.52254	265.145
1071	304.281	3.47885	318.197
1072	290.59	3.57696	304.898
1073	364.829	3.49409	378.805
1074	269.198	3.49678	283.185
1075	221.666	3.45997	235.506
1076	310.182	3.59747	324.572
1077	324.449	3.47841	338.363
1078	258.124	3.53055	272.246
1079	278.845	3.48193	292.772
1080	329.636	7.71482	360.495
1081	383.021	7.5872	413.37
1082	348.418	7.55498	378.638
1083	354.471	7.69947	385.269
1084	306.419	7.56584	336.682
1085	249.503	7.61932	279.981
1086	342.084	7.35377	371.499
1087	318.297	7.41179	347.944
1088	343.561	7.28751	372.711
1089	345.787	7.18505	374.527
1090	402.999	7.28931	432.156
1091	286.007	6.8908	313.57
1092	336.663	7.1779	365.375
1093	251.239	7.08851	279.593
1094	263.682	7.13118	292.207
1095	373.017	7.05306	401.23
1096	286.589	7.06174	314.836
1097	275.54	6.7555	302.562
1098	266.614	6.98115	294.539
1099	369.506	6.99983	397.506
1100	271.626	7.01829	299.699
1101	270.54	6.94733	298.329
1102	385.686	7.02247	413.776
1103	244.752	6.99813	272.745
1104	272.277	6.93463	300.016
1105	258.503	6.79346	285.677
1106	310.998	6.81354	338.252
1107	233.638	6.91203	261.286
1108	322.426	6.9822	350.355
1109	308.559	7.02037	336.64
1110	255.747	6.94833	283.54
1111	238.28	6.92314	265.973
1112	314.815	6.89577	342.398
1113	180.76	7.08772	209.11
1114	266.092	6.85756	293.522
1115	242.809	7.13764	271.359
1116	299.973	6.89991	327.572
1117	369.213	6.97366	397.108
1118	298.422	6.77505	325.522
1119	347.899	6.93281	375.631
1120	376.705	6.63848	403.259
1121	245.1	6.96916	272.977
1122	258.721	6.96894	286.596
1123	225.221	7.01969	253.3
1124	266.075	6.82915	293.392
1125	191.668	7.0972	220.057
1126	288.099	6.72905	315.015
1127	354.471	6.74982	381.471
1128	314.967	7.09861	343.361
1129	340.909	6.99981	368.908
1130	356.31	6.89728	383.899
1131	328.548	7.04202	356.716
1132	272.392	6.87249	299.882
1133	287.147	6.58044	313.468
1134	332.914	7.10871	361.349
1135	357.997	7.01458	386.055
1136	362.413	7.12326	390.906
1137	315.335	7.14551	343.917
1138	344.697	6.95237	372.507
1139	312.118	6.88289	339.649
1140	301.005	7.19716	329.794
1141	313.681	7.13258	342.211
1142	341.079	7.20255	369.889
1143	298.715	7.17959	327.433
1144	387.102	7.11756	415.573
1145	328.327	7.00006	356.327
1146	405.019	6.89882	432.614
1147	316.569	6.95167	344.376
1148	323.044	7.09026	351.405
1149	361.797	6.9255	389.499
1150	316.928	7.05567	345.15
1151	363.208	6.91667	390.875
1152	300.77	6.60437	327.187
1153	347.007	6.46684	372.874
1154	339.794	6.6454	366.376
1155	258.69	6.52157	284.776
1156	275.418	6.75413	302.434
1157	278.343	6.72368	305.237
1158	287.394	6.7044	314.211
1159	267.187	6.68836	293.941
1160	247.231	6.95338	275.045
1161	331.975	6.79433	359.153
1162	296.142	6.87558	323.645
1163	209.16	6.77122	236.245
1164	323.303	6.69369	350.078
1165	325.777	6.78549	352.919
1166	313.555	7.01731	341.625
1167	297.739	6.95212	325.547
1168	273.151	6.97164	301.037
1169	418.934	6.96806	446.806
1170	291.568	6.64757	318.158
1171	275.637	6.74705	302.625
1172	253.379	7.03337	281.512
1173	243.293	6.87881	270.808
1174	262.185	6.90764	289.816
1175	195.34	6.89451	222.918
1176	262.838	6.81138	290.084
1177	231.898	6.54326	258.071
1178	336.081	7.17001	364.761
1179	322.271	7.04376	350.446
1180	223.325	7.11984	251.804
1181	230.234	7.12368	258.729
1182	276.923	6.876	304.427
1183	275.406	6.78633	302.551
1184	270.404	6.9447	298.183
1185	270.486	6.73625	297.431
1186	250.389	7.06488	278.649
1187	246.015	7.01352	274.069
1188	250.174	6.62266	276.665
1189	359.256	6.60298	385.668
1190	224.537	6.75022	251.538
1191	287.364	6.35372	312.779
1192	254.662	6.88746	282.212
1193	251.294	6.71852	278.168
1194	323.73	6.69713	350.518
1195	276.701	6.57732	303.011
1196	249.448	6.709	276.284
1197	275.661	6.66649	302.327
1198	263.011	6.82934	290.328
1199	279.042	6.92171	306.729
1200	234.62	6.79664	261.807
1201	297.739	6.80486	324.959
1202	255.299	6.85946	282.737
1203	253.085	6.85341	280.499
1204	301.374	6.94765	329.164
1205	297.919	6.81562	325.181
1206	258.511	7.01413	286.568
1207	310.431	6.69181	337.198
1208	270.225	6.93169	297.952
1209	318.912	6.77715	346.02
1210	284.812	6.91795	312.484
1211	295.144	6.74528	322.125
1212	303.931	6.86961	331.41
1213	270.093	6.66637	296.758
1214	266.517	6.78517	293.657
1215	299.662	6.65566	326.284
1216	293.92	6.63922	320.477
1217	328.317	6.84038	355.679
1218	348.231	7.10341	376.644
1219	261.461	7.00251	289.471
1220	265.268	6.89114	292.832
1221	312.234	7.0942	340.611
1222	277.275	7.00054	305.277
1223	224.59	7.20973	253.429
1224	334.74	6.50534	360.761
1225	450.503	6.38048	476.024
1226	381.444	6.72752	408.354
1227	394.582	6.53726	420.731
1228	310.176	6.55784	336.407
1229	403.888	6.35523	429.309
1230	357.577	6.45733	383.407
1231	375.396	6.62527	401.897
1232	361.279	6.55866	387.514
1233	328.697	6.53926	354.854
1234	389.523	6.56999	415.803
1235	335.103	6.59701	361.491
1236	370.361	6.54298	396.533
1237	361.878	6.55987	388.117
1238	390.475	6.45514	416.295
1239	363.653	6.62253	390.144
1240	371.635	6.62822	398.148
1241	276.125	6.58325	302.458
1242	376.057	6.55676	402.284
1243	410.643	6.40739	436.273
1244	336.727	6.55506	362.947
1245	353.212	6.34321	378.584
1246	301.368	6.48402	327.305
1247	327.372	6.40527	352.993
1248	317.906	6.73115	344.831
1249	355.311	6.54553	381.493
1250	323.072	6.58531	349.414
1251	391.976	6.64302	418.548
1252	351.963	6.62897	378.479
1253	282.602	6.53238	308.732
1254	301.564	6.53585	327.708
1255	303.337	6.60602	329.761
1256	281.245	6.57121	307.53
1257	305.212	6.70107	332.016
1258	240.093	6.7226	266.983
1259	419.588	6.65967	446.227
1260	300.758	6.41682	326.426
1261	351.834	6.37814	377.347
1262	357.828	6.6664	384.493
1263	315.105	6.62603	341.609
1264	329.916	6.67558	356.618
1265	322.435	6.61042	348.876
1266	422.392	6.41293	448.043
1267	294.893	6.37904	320.409
1268	287.873	6.63185	314.4
1269	363.04	6.50605	389.065
1270	294.013	6.7751	321.113
1271	340.485	6.6677	367.156
1272	404.316	6.65011	430.917
1273	365.526	6.64085	392.089
1274	326.3	6.59111	352.665
1275	357.918	6.65006	384.518
1276	361.614	6.58883	387.97
1277	342.002	6.50051	368.004
1278	358.122	6.48638	384.068
1279	331.451	6.56776	357.722
1280	389.09	6.59435	415.468
1281	377.012	6.83584	404.356
1282	367.95	6.6154	394.412
1283	438.346	6.4738	464.242
1284	353.201	6.43667	378.947
1285	337.819	6.50448	363.837
1286	380.625	6.64762	407.216
1287	236.4	6.67687	263.107
1288	370.36	6.64418	396.936
1289	324.068	6.60832	350.501
1290	331.865	6.5474	358.055
1291	359.785	6.37764	385.295
1292	336.835	6.61591	363.299
1293	327.199	6.4769	353.107
1294	296.24	6.49625	322.225
1295	393.733	6.65852	420.367
1296	283.667	3.63815	298.22
1297	319.808	3.57859	334.123
1298	290.552	3.66641	305.218
1299	293.001	3.59383	307.376
1300	301.232	3.63507	315.772
1301	304.819	3.6074	319.249
1302	315.717	3.58647	330.063
1303	243.908	3.55907	258.144
1304	235.966	3.64143	250.532
1305	374.205	3.4846	388.144
1306	281.157	3.59401	295.533
1307	309.149	3.49461	323.127
1308	421.803	3.57465	436.102
1309	273.882	3.52263	287.972
1310	257.533	3.6091	271.969
1311	278.207	3.54722	292.395
1312	353.339	3.64232	367.908
1313	253.821	3.54055	267.983
1314	358.473	3.62797	372.985
1315	293.862	3.5163	307.928
1316	348.946	3.53502	363.086
1317	310.088	3.47535	323.99
1318	340.913	3.54138	355.079
1319	285.264	3.54991	299.464
1320	296.45	3.56957	310.728
1321	329.226	3.52948	343.344
1322	409.606	3.57068	423.888
1323	303.528	3.60322	317.941
1324	253.118	3.63377	267.653
1325	349.802	3.54724	363.991
1326	225.058	3.62405	239.554
1327	307.736	3.61158	322.182
1328	261.46	3.63945	276.018
1329	321.388	3.55409	335.604
1330	288.372	3.65038	302.974
1331	319.694	3.55846	333.928
1332	362.053	3.42819	375.765
1333	330.591	3.41318	344.244
1334	291.049	3.49719	305.038
1335	312.807	3.37887	326.323
1336	281.77	3.46301	295.622
1337	244.806	3.42907	258.522
1338	307.189	3.41159	320.835
1339	267.685	3.42698	281.393
1340	264.456	3.45155	278.262
1341	301.868	3.43496	315.608
1342	322.891	3.48338	336.824
1343	233.636	3.43945	247.394
1344	289.627	3.56541	303.889
1345	280.48	3.42383	294.176
1346	379.528	3.39989	393.128
1347	204.471	3.45056	218.273
1348	306.449	3.46379	320.304
1349	309.337	3.41065	322.98
1350	243.114	3.48472	257.053
1351	335.258	3.42991	348.977
1352	274.111	3.48801	288.063
1353	300.475	3.38161	314.001
1354	279.871	3.48557	293.813
1355	273.29	3.47549	287.191
1356	339.237	3.52356	353.331
1357	313.075	3.4809	326.999
1358	280.046	3.5068	294.073
1359	210.846	3.45034	224.648
1360	270.32	3.53544	284.462
1361	285.339	3.42975	299.058
1362	304.799	3.55755	319.029
1363	246.699	3.38413	260.235
1364	294.293	3.48011	308.214
1365	217.293	3.43189	231.021
1366	287.474	3.51799	301.546
1367	250.191	3.3849	263.73
1368	336.703	7.57721	367.011
1369	270.104	7.57478	300.403
1370	271.299	7.65462	301.917
1371	336.559	7.46303	366.411
1372	337.436	7.59636	367.821
1373	283.25	7.30726	312.479
1374	394.68	7.02458	422.779
1375	318.378	7.23346	347.312
1376	304.642	7.03826	332.795
1377	314.185	7.09406	342.561
1378	332.724	6.96974	360.603
1379	310.78	6.926	338.484
1380	353.711	6.86723	381.18
1381	292.58	7.03376	320.715
1382	354.848	6.83695	382.196
1383	279.486	6.95966	307.325
1384	276.877	6.71381	303.732
1385	329.265	6.87706	356.773
1386	273.941	6.82881	301.257
1387	309.713	7.01122	337.758
1388	240.395	6.72775	267.306
1389	383.956	6.8664	411.422
1390	249.718	6.69342	276.492
1391	283.269	6.93723	311.018
1392	340.427	6.77789	367.539
1393	278.915	6.89863	306.51
1394	258.824	6.70199	285.632
1395	318.894	6.91354	346.548
1396	318.739	6.80404	345.956
1397	245.448	6.86479	272.908
1398	330.367	6.9375	358.117
1399	261.815	6.91281	289.466
1400	333.018	6.84148	360.384
1401	287.924	6.63914	314.481
1402	258.157	6.7502	285.158
1403	339.924	6.75408	366.941
1404	373.691	7.03555	401.833
1405	347.161	6.93872	374.916
1406	345.503	6.98047	373.425
1407	296.406	6.84264	323.776
1408	342.489	6.70468	369.308
1409	345.801	6.68691	372.549
1410	343.079	7.02907	371.195
1411	379.31	6.94687	407.097
1412	284.297	6.90641	311.923
1413	259.072	6.84258	286.442
1414	310.459	6.84867	337.854
1415	269.851	6.69113	296.615
1416	319.204	7.20335	348.018
1417	321.951	6.98701	349.899
1418	355.421	7.1104	383.862
1419	292.464	6.85298	319.876
1420	255.889	6.76169	282.936
1421	302.791	6.69386	329.567
1422	266.18	7.06123	294.425
1423	266.144	6.76006	293.184
1424	271.796	6.9658	299.659
1425	346.68	7.03747	374.829
1426	262.592	6.67738	289.302
1427	340.265	6.78364	367.399
1428	317.068	6.88414	344.605
1429	349.742	6.87364	377.236
1430	327.975	7.02477	356.075
1431	300.382	7.00734	328.411
1432	361.77	6.71714	388.639
1433	317.51	6.88775	345.061
1434	283.805	6.78688	310.952
1435	262.28	6.69511	289.061
1436	331.199	6.74571	358.182
1437	273.278	7.00935	301.315
1438	289.799	6.57175	316.086
1439	322.692	7.01313	350.745
1440	266.164	6.90641	293.79
1441	192.307	6.57709	218.616
1442	276.604	6.81096	303.848
1443	295.381	6.70144	322.186
1444	332.389	6.67656	359.095
1445	256.984	6.60642	283.409
1446	283.422	6.82518	310.723
1447	235.261	6.60578	261.684
1448	273.29	6.76911	300.366
1449	218.049	6.90119	245.653
1450	241.143	6.76073	268.186
1451	206.158	6.88562	233.7
1452	280.892	6.84274	308.263
1453	320.66	6.65435	347.277
1454	326.333	6.75699	353.361
1455	285.667	6.79201	312.835
1456	197.399	6.74485	224.379
1457	220.814	6.86512	248.274
1458	293.77	7.02353	321.864
1459	271.764	6.6622	298.413
1460	233.883	6.99222	261.852
1461	234.463	6.93462	262.202
1462	269.144	6.96001	296.984
1463	273.864	6.80648	301.09
1464	256.352	7.14805	284.944
1465	255.606	6.79837	282.8
1466	265.461	7.14196	294.029
1467	258.69	7.04061	286.853
1468	252.86	7.09117	281.225
1469	289.235	6.93351	316.969
1470	279.859	7.19413	308.635
1471	295.025	6.84162	322.392
1472	239.851	7.12	268.331
1473	139.944	7.07898	168.26
1474	284.785	7.14557	313.368
1475	237.4	7.12937	265.917
1476	263.439	6.98364	291.374
1477	217.803	6.73745	244.753
1478	319.302	6.90388	346.917
1479	237.374	6.82001	264.655
1480	236.897	6.98645	264.843
1481	323.175	6.92405	350.871
1482	216.479	7.02026	244.56
1483	279.238	6.53626	305.384
1484	282.777	6.75795	309.809
1485	205.879	6.65782	232.51
1486	294.899	6.83083	322.222
1487	280.262	6.64714	306.851
1488	285.436	6.97511	313.336
1489	265.222	6.71462	292.08
1490	262.789	6.77307	289.881
1491	314.609	6.77666	341.716
1492	259.06	6.63151	285.586
1493	264.48	6.71583	291.343
1494	292.209	7.03338	320.343
1495	251.497	7.01686	279.564
1496	349.785	6.76432	376.843
1497	278.353	6.99099	306.317
1498	222.462	6.73162	249.389
1499	297.795	6.85095	325.199
1500	338.539	7.10928	366.976
1501	255.951	7.06494	284.211
1502	232.892	6.88482	260.432
1503	197.399	7.10106	225.803
1504	275.659	6.84914	303.056
1505	178.077	7.00139	206.083
1506	267.056	7.54953	297.254
1507	246.79	7.11187	275.237
1508	319.648	7.25713	348.676
1509	254.388	7.00283	282.4
1510	233.396	7.09033	261.758
1511	216.57	6.94145	244.336
1512	168.158	6.81251	195.408
1513	190.683	6.37205	216.171
1514	227.597	6.64257	254.168
1515	290.761	6.36392	316.217
1516	248.225	6.56265	274.476
1517	262.487	6.44663	288.274
1518	273.625	6.80251	300.835
1519	241.264	6.41862	266.939
1520	286.252	6.72479	313.151
1521	264.424	6.49685	290.412
1522	239.202	6.66161	265.849
1523	256.714	6.5444	282.892
1524	216.861	6.7937	244.036
1525	258.525	6.45738	284.354
1526	264.122	6.58732	290.471
1527	271.207	6.37539	296.708
1528	264.909	6.56341	291.162
1529	255.851	6.40629	281.476
1530	257.859	6.79894	285.055
1531	198.102	6.37402	223.598
1532	395.892	6.55661	422.119
1533	262.897	6.42945	288.615
1534	287.4	6.53116	313.525
1535	246.662	6.53887	272.818
1536	212.327	6.71614	239.192
1537	291.478	6.38364	317.012
1538	285.247	6.57645	311.553
1539	170.789	6.47567	196.691
1540	201.089	6.61891	227.564
1541	310.829	6.62811	337.342
1542	269.012	6.74249	295.982
1543	224.18	6.48919	250.137
1544	221.447	6.65811	248.08
1545	201.616	6.64192	228.183
1546	179.805	6.72548	206.707
1547	304.713	6.67204	331.401
1548	263.341	6.55791	289.573
1549	301.38	6.38978	326.939
1550	286.524	6.62185	313.012
1551	257.294	6.53187	283.422
1552	251.016	6.56485	277.275
1553	210.015	6.46428	235.872
1554	247.896	6.7665	274.961
1555	169.053	6.60966	195.492
1556	263.293	6.76265	290.343
1557	270.206	6.537	296.354
1558	293.046	6.6741	319.742
1559	356.064	6.50439	382.081
1560	251.517	6.7141	278.374
1561	154.672	6.70885	181.508
1562	219.419	6.74124	246.384
1563	303.586	6.66945	330.263
1564	262.521	6.77896	289.637
1565	241.266	6.68561	268.009
1566	233.823	6.8362	261.168
1567	198.548	6.68509	225.288
1568	271.013	6.74577	297.996
1569	151.272	6.85368	178.687
1570	268.503	6.9796	296.421
1571	197.025	6.96325	224.878
1572	251.726	6.83045	279.048
1573	194.895	6.59315	221.268
1574	307.51	6.81094	334.753
1575	213.684	6.78869	240.839
1576	206.79	6.84734	234.179
1577	288.545	6.78127	315.67
1578	218.571	7.07674	246.878
1579	267.123	6.52348	293.217
1580	240.003	6.99461	267.981
1581	258.638	6.6531	285.25
1582	265.023	6.73902	291.979
1583	243.895	6.57141	270.18
1584	232.794	7.11527	261.255
1585	251.429	3.62587	265.932
1586	329.472	6.80098	356.676
1587	194.393	3.7146	209.251
1588	207.002	6.85958	234.44
1589	262.078	3.63157	276.604
1590	155.622	6.87878	183.137
1591	258.78	3.5821	273.109
1592	300.303	6.85647	327.729
1593	250.409	3.60856	264.844
1594	335.376	6.94128	363.141
1595	211.852	3.55926	226.089
1596	233.815	6.68742	260.565
1597	188.17	3.55903	202.406
1598	279.805	6.74203	306.773
1599	201.445	3.52245	215.535
1600	272.379	7.03673	300.526
1601	200.465	3.60824	214.898
1602	263.361	6.81302	290.613
1603	163.736	3.54631	177.921
1604	239.62	6.8973	267.209
1605	246.954	3.55974	261.193
1606	282.16	7.04715	310.349
1607	256.54	3.53286	270.672
1608	299.653	6.92622	327.358
1609	265.463	3.53769	279.613
1610	191.89	6.94161	219.657
1611	182.697	3.6536	197.312
1612	240.295	7.03067	268.418
1613	241.833	3.50495	255.852
1614	233.503	6.87774	261.014
1615	282.52	3.57576	296.823
1616	191.536	6.82001	218.816
1617	238.54	3.54038	252.702
1618	212.483	6.93341	240.217
1619	228.698	3.5717	242.985
1620	235.647	6.59819	262.04
1621	253.114	3.40082	266.717
1622	239.163	6.50677	265.19
1623	283.873	3.31565	297.136
1624	163.37	6.57844	189.684
1625	222.945	3.37901	236.461
1626	263.996	6.54071	290.159
1627	193.363	3.48924	207.32
1628	221.35	6.45643	247.176
1629	160.9	3.43523	174.641
1630	264.622	6.68202	291.35
1631	152.961	3.46623	166.826
1632	232.941	6.40745	258.571
1633	281.033	3.45143	294.839
1634	165.455	6.48603	191.399
1635	181.674	3.43475	195.413
1636	336.74	6.80023	363.941
1637	253.834	3.43125	267.559
1638	184.826	6.50397	210.842
1639	241.384	3.4244	255.082
1640	256.323	6.46562	282.186
1641	290.283	3.38358	303.817
1642	245.93	6.95464	273.749
1643	234.771	3.46414	248.628
1644	243.29	6.50748	269.32
1645	200.957	3.39027	214.518
1646	224.463	6.62033	250.945
1647	293.6	3.4614	307.445
1648	163.303	6.80637	190.529
1649	245.598	3.37948	259.116
1650	196.246	6.50173	222.253
1651	218.385	3.43075	232.108
1652	261.711	6.56827	287.984
1653	135.676	3.42111	149.361
1654	226.093	6.81543	253.354
1655	265.495	3.35494	278.915
1656	274.012	3.77546	289.114
1657	351.322	3.66766	365.992
1658	220.162	3.70414	234.978
1659	307.47	3.63649	322.016
1660	203.092	3.79157	218.258
1661	271.794	3.68527	286.535
1662	245.542	3.6908	260.305
1663	295.098	3.57779	309.41
1664	235.855	3.72025	250.736
1665	324.839	3.5249	338.939
1666	216.936	3.6552	231.557
1667	233.377	3.60902	247.813
1668	301.248	3.71298	316.1
1669	222.401	3.64806	236.993
1670	291.76	3.66341	306.414
1671	263.629	3.52836	277.742
1672	329.584	3.69118	344.348
1673	257.149	3.58195	271.477
1674	315.511	3.69468	330.29
1675	189.042	3.51547	203.103
1676	227.484	3.71932	242.362
1677	270.419	3.61684	284.887
1678	310.126	3.62805	324.639
1679	324.074	3.50445	338.092
1680	316.693	3.71597	331.557
1681	244.863	3.57151	259.149
1682	241.35	3.73868	256.304
1683	240.16	3.67078	254.843
1684	238.287	3.6901	253.048
1685	231.044	3.51201	245.092
1686	212.704	3.67655	227.41
1687	255.383	3.60179	269.791
1688	253.989	3.66234	268.639
1689	323.687	3.55736	337.917
1690	191.037	3.70134	205.842
1691	238.677	3.61849	253.151
1692	273.527	3.51406	287.584
1693	280.951	3.45338	294.765
1694	255.996	3.57975	270.315
1695	281.348	3.4771	295.257
1696	153.039	3.53589	167.182
1697	240.344	3.48796	254.295
1698	224.043	3.57985	238.362
1699	317.282	3.55612	331.506
1700	206.841	3.57454	221.139
1701	218.586	3.45871	232.42
1702	309.555	3.57621	323.86
1703	235.021	3.43093	248.745
1704	329.249	3.62562	343.752
1705	209.68	3.56993	223.96
1706	242.25	3.56356	256.504
1707	168.926	3.46606	182.79
1708	333.482	3.59293	347.854
1709	216.364	3.45209	230.173
1710	194.465	3.53026	208.586
1711	211.558	3.50573	225.581
1712	232.399	3.47025	246.28
1713	216.068	3.46869	229.942
1714	300.079	3.55338	314.292
1715	249.738	3.48112	263.662
1716	237.067	7.018	265.139
1717	331.149	3.4098	344.788
1718	279.957	7.03613	308.102
1719	156.57	3.43303	170.302
1720	233.638	7.15941	262.275
1721	297.652	3.3885	311.206
1722	207.257	6.96988	235.137
1723	334.794	3.52894	348.91
1724	259.937	6.92445	287.635
1725	225.907	3.52659	240.013
1726	219.178	7.04307	247.35
1727	319.137	3.6087	333.572
