0   -99
1   -99
2   -99
3   -99
4   -99
5   3
6   4
7   5
8   6
9   7
10  8
11  9
12  10
13  11
14  12
15  13
16  14
77  15
17  16
18  17
19  18
20  19
21  20
22  21
23  22
24  23
25  24
26  25
27  26
28  27
78  28
29  29
30  30
31  31
32  32
33  33
34  34
35  35
36  36
37  37
38  38
39  39
40  40
41  41
42  42
43  43
44  44
45  45
46  46
47  47
48  48
49  49
50  50
51  51
52  52
79  53
53  54
54  55
55  56
56  57
57  58
58  59
59  60
60  61
61  62
62  63
63  64
64  65
80  66
65  67
66  68
67  69
68  70
69  71
70  72
71  73
72  74
73  75
74  76
75  77
76  78
