0   0
1   2
2   4
3   6
4   8
5   10
6   12
7   14
8   16
9   18
10  20
11  22
12  24
13  26
14  28
15  30
16  32
17  34
18  36
19  38
20  40
21  42
22  44
23  46
24  48
25  50
26  52
27  54
28  56
29  58
30  60
31  62
32  64
33  66
34  68
35  70
36  72
37  74
38  76
39  78
40  80
41  1
42  3
43  5
44  7
45  9
46  11
47  13
48  15
49  17
50  19
51  21
52  23
53  25
54  27
55  29
56  31
57  33
58  35
59  37
60  39
61  41
62  43
63  45
64  47
65  49
66  51
67  53
68  55
69  57
70  59
71  61
72  63
73  65
74  67
75  69
76  71
77  73
78  75
79  77
80  79
