 1728  pads
 1728  groups
   24  rows
    1  max number of pads in a group
   72  max number of pads   in row
   72  max number of groups in row
***************************************************
*  Layout for LP-TPC                               
                       centre [mm]       size [mm] 
  Pad  Group  Row      x        y        x       y 
    1     1   13    97.1843    0.4078  3.0873  7.0417
    2     2   13    94.1031    0.6022  3.0873  7.0417
    3     3   13   103.3455    0.0001  3.0873  7.0417
    4     4   13   100.2651    0.2071  3.0873  7.0417
    5     5   13   109.5050   -0.4327  3.0873  7.0417
    6     6   13   106.4255   -0.2132  3.0873  7.0417
    7     7   14    97.6350    7.4350  3.1016  7.0417
    8     8   14    94.5395    7.6304  3.1016  7.0417
    9     9   14   103.8247    7.0254  3.1016  7.0417
   10    10   14   100.7301    7.2334  3.1016  7.0417
   11    11   14   110.0128    6.5907  3.1016  7.0417
   12    12   14   106.9190    6.8112  3.1016  7.0417
   13    13   15    98.0857   14.4622  3.1160  7.0417
   14    14   15    94.9759   14.6585  3.1160  7.0417
   15    15   15   104.3040   14.0508  3.1160  7.0417
   16    16   15   101.1950   14.2597  3.1160  7.0417
   17    17   15   110.5206   13.6140  3.1160  7.0417
   18    18   15   107.4125   13.8355  3.1160  7.0417
   19    19   16    98.5363   21.4895  3.1303  7.0417
   20    20   16    95.4123   21.6866  3.1303  7.0417
   21    21   16   104.7832   21.0761  3.1303  7.0417
   22    22   16   101.6600   21.2860  3.1303  7.0417
   23    23   16   111.0284   20.6373  3.1303  7.0417
   24    24   16   107.9060   20.8599  3.1303  7.0417
   25    25   17    98.9870   28.5167  3.1446  7.0417
   26    26   17    95.8486   28.7148  3.1446  7.0417
   27    27   17   105.2624   28.1014  3.1446  7.0417
   28    28   17   102.1249   28.3123  3.1446  7.0417
   29    29   17   111.5362   27.6607  3.1446  7.0417
   30    30   17   108.3995   27.8842  3.1446  7.0417
   31    31   18    99.4376   35.5439  3.1589  7.0417
   32    32   18    96.2850   35.7429  3.1589  7.0417
   33    33   18   105.7417   35.1268  3.1589  7.0417
   34    34   18   102.5899   35.3386  3.1589  7.0417
   35    35   18   112.0440   34.6840  3.1589  7.0417
   36    36   18   108.8930   34.9086  3.1589  7.0417
   37    37   19   109.3866   41.9329  3.1732  7.0417
   38    38   19   112.5517   41.7073  3.1732  7.0417
   39    39   19   103.0548   42.3649  3.1732  7.0417
   40    40   19   106.2209   42.1521  3.1732  7.0417
   41    41   19    96.7214   42.7710  3.1732  7.0417
   42    42   19    99.8883   42.5712  3.1732  7.0417
   43    43   20   109.8801   48.9573  3.1875  7.0417
   44    44   20   113.0595   48.7307  3.1875  7.0417
   45    45   20   103.5198   49.3912  3.1875  7.0417
   46    46   20   106.7001   49.1775  3.1875  7.0417
   47    47   20    97.1578   49.7992  3.1875  7.0417
   48    48   20   100.3390   49.5984  3.1875  7.0417
   49    49   21   110.3736   55.9816  3.2019  7.0417
   50    50   21   113.5673   55.7540  3.2019  7.0417
   51    51   21   103.9847   56.4175  3.2019  7.0417
   52    52   21   107.1794   56.2028  3.2019  7.0417
   53    53   21    97.5941   56.8273  3.2019  7.0417
   54    54   21   100.7896   56.6256  3.2019  7.0417
   55    55   22   110.8671   63.0060  3.2162  7.0417
   56    56   22   114.0751   62.7773  3.2162  7.0417
   57    57   22   104.4497   63.4438  3.2162  7.0417
   58    58   22   107.6586   63.2281  3.2162  7.0417
   59    59   22    98.0305   63.8554  3.2162  7.0417
   60    60   22   101.2403   63.6529  3.2162  7.0417
   61    61   23   111.3606   70.0303  3.2305  7.0417
   62    62   23   114.5829   69.8007  3.2305  7.0417
   63    63   23   104.9146   70.4701  3.2305  7.0417
   64    64   23   108.1378   70.2535  3.2305  7.0417
   65    65   23    98.4669   70.8836  3.2305  7.0417
   66    66   23   101.6910   70.6801  3.2305  7.0417
   67    67   24   111.8541   77.0547  3.2448  7.0417
   68    68   24   115.0907   76.8240  3.2448  7.0417
   69    69   24   105.3796   77.4964  3.2448  7.0417
   70    70   24   108.6171   77.2788  3.2448  7.0417
   71    71   24    98.9033   77.9117  3.2448  7.0417
   72    72   24   102.1416   77.7073  3.2448  7.0417
   73    73   21    91.2019   57.2111  3.2019  7.0417
   74    74   21    94.3982   57.0225  3.2019  7.0417
   75    75   13    75.6082    1.6374  3.0873  7.0417
   76    76   13    78.6916    1.4805  3.0873  7.0417
   77    77   13    81.7746    1.3174  3.0873  7.0417
   78    78   13    84.8573    1.1480  3.0873  7.0417
   79    79   13    87.9396    0.9723  3.0873  7.0417
   80    80   13    91.0216    0.7904  3.0873  7.0417
   81    81   14    75.9588    8.6703  3.1016  7.0417
   82    82   14    79.0565    8.5127  3.1016  7.0417
   83    83   14    82.1538    8.3488  3.1016  7.0417
   84    84   14    85.2508    8.1787  3.1016  7.0417
   85    85   15    76.3095   15.7032  3.1160  7.0417
   86    86   14    88.3474    8.0022  3.1016  7.0417
   87    87   14    91.4436    7.8194  3.1016  7.0417
   88    88   15    79.4214   15.5449  3.1160  7.0417
   89    89   15    82.5330   15.3803  3.1160  7.0417
   90    90   15    85.6443   15.2093  3.1160  7.0417
   91    91   15    88.7552   15.0320  3.1160  7.0417
   92    92   16    76.6601   22.7362  3.1303  7.0417
   93    93   15    91.8657   14.8484  3.1160  7.0417
   94    94   16    79.7863   22.5771  3.1303  7.0417
   95    95   16    82.9122   22.4117  3.1303  7.0417
   96    96   16    86.0378   22.2400  3.1303  7.0417
   97    97   16    89.1630   22.0619  3.1303  7.0417
   98    98   16    92.2878   21.8774  3.1303  7.0417
   99    99   17    77.0107   29.7691  3.1446  7.0417
  100   100   17    80.1512   29.6093  3.1446  7.0417
  101   101   17    83.2914   29.4432  3.1446  7.0417
  102   102   17    86.4313   29.2707  3.1446  7.0417
  103   103   17    89.5708   29.0917  3.1446  7.0417
  104   104   17    92.7099   28.9064  3.1446  7.0417
  105   105   18    86.8248   36.3013  3.1589  7.0417
  106   106   18    83.6706   36.4746  3.1589  7.0417
  107   107   18    80.5161   36.6415  3.1589  7.0417
  108   108   18    77.3613   36.8020  3.1589  7.0417
  109   109   18    89.9786   36.1216  3.1589  7.0417
  110   110   18    93.1320   35.9354  3.1589  7.0417
  111   111   19    87.2183   43.3320  3.1732  7.0417
  112   112   19    84.0498   43.5061  3.1732  7.0417
  113   113   19    80.8810   43.6737  3.1732  7.0417
  114   114   19    77.7119   43.8350  3.1732  7.0417
  115   115   19    90.3863   43.1514  3.1732  7.0417
  116   116   19    93.5541   42.9645  3.1732  7.0417
  117   117   20    87.6118   50.3626  3.1875  7.0417
  118   118   20    84.4290   50.5375  3.1875  7.0417
  119   119   20    81.2459   50.7060  3.1875  7.0417
  120   120   20    78.0625   50.8679  3.1875  7.0417
  121   121   20    90.7941   50.1813  3.1875  7.0417
  122   122   20    93.9761   49.9935  3.1875  7.0417
  123   123   21    88.0053   57.3933  3.2019  7.0417
  124   124   21    84.8082   57.5690  3.2019  7.0417
  125   125   21    81.6108   57.7382  3.2019  7.0417
  126   126   21    78.4131   57.9008  3.2019  7.0417
  127   127   22    94.8203   64.0515  3.2162  7.0417
  128   128   22    91.6097   64.2410  3.2162  7.0417
  129   129   22    88.3988   64.4240  3.2162  7.0417
  130   130   22    85.1874   64.6004  3.2162  7.0417
  131   131   22    81.9757   64.7704  3.2162  7.0417
  132   132   22    78.7637   64.9338  3.2162  7.0417
  133   133   23    95.2424   71.0805  3.2305  7.0417
  134   134   23    92.0175   71.2708  3.2305  7.0417
  135   135   23    88.7923   71.4546  3.2305  7.0417
  136   136   23    85.5666   71.6319  3.2305  7.0417
  137   137   23    82.3407   71.8026  3.2305  7.0417
  138   138   23    79.1143   71.9667  3.2305  7.0417
  139   139   24    79.4649   78.9996  3.2448  7.0417
  140   140   24    82.7056   78.8348  3.2448  7.0417
  141   141   24    85.9458   78.6633  3.2448  7.0417
  142   142   24    89.1858   78.4853  3.2448  7.0417
  143   143   24    92.4253   78.3007  3.2448  7.0417
  144   144   24    95.6645   78.1095  3.2448  7.0417
  145   145    1    85.9565  -83.5576  2.9155  7.0417
  146   146    2    86.3786  -76.5286  2.9298  7.0417
  147   147    1    83.0461  -83.3858  2.9155  7.0417
  148   148    2    83.4539  -76.3560  2.9298  7.0417
  149   149    1    80.1353  -83.2200  2.9155  7.0417
  150   150    2    80.5288  -76.1893  2.9298  7.0417
  151   151    1    77.2241  -83.0600  2.9155  7.0417
  152   152    2    77.6033  -76.0285  2.9298  7.0417
  153   153    1    74.3127  -82.9059  2.9155  7.0417
  154   154    2    74.6776  -75.8737  2.9298  7.0417
  155   155    1    71.4009  -82.7578  2.9155  7.0417
  156   156    2    71.7515  -75.7249  2.9298  7.0417
  157   157    3    75.0425  -68.8415  2.9442  7.0417
  158   158    3    72.1021  -68.6920  2.9442  7.0417
  159   159    4    72.4527  -61.6590  2.9585  7.0417
  160   160    3    77.9825  -68.9971  2.9442  7.0417
  161   161    5    75.7723  -54.7771  2.9728  7.0417
  162   162    5    72.8034  -54.6261  2.9728  7.0417
  163   163    3    83.8617  -69.3261  2.9442  7.0417
  164   164    3    80.9223  -69.1586  2.9442  7.0417
  165   165    4    75.4074  -61.8093  2.9585  7.0417
  166   166    3    86.8007  -69.4996  2.9442  7.0417
  167   167    6    73.1540  -47.5932  2.9871  7.0417
  168   168    4    78.3618  -61.9656  2.9585  7.0417
  169   169    6    79.1202  -47.9027  2.9871  7.0417
  170   170    6    76.1372  -47.7449  2.9871  7.0417
  171   171    4    81.3158  -62.1280  2.9585  7.0417
  172   172    5    78.7410  -54.9342  2.9728  7.0417
  173   173    6    82.1028  -48.0666  2.9871  7.0417
  174   174    5    81.7093  -55.0973  2.9728  7.0417
  175   175    5    84.6773  -55.2664  2.9728  7.0417
  176   176    4    84.2695  -62.2963  2.9585  7.0417
  177   177    4    87.2228  -62.4706  2.9585  7.0417
  178   178    6    85.0850  -48.2366  2.9871  7.0417
  179   179    6    88.0670  -48.4126  2.9871  7.0417
  180   180    5    87.6449  -55.4416  2.9728  7.0417
  181   181    7    76.5021  -40.7127  3.0014  7.0417
  182   182    7    73.5046  -40.5602  3.0014  7.0417
  183   183    7    82.4963  -41.0360  3.0014  7.0417
  184   184    7    79.4994  -40.8713  3.0014  7.0417
  185   185    7    88.4890  -41.3836  3.0014  7.0417
  186   186    7    85.4928  -41.2067  3.0014  7.0417
  187   187    8    76.8670  -33.6805  3.0157  7.0417
  188   188    8    73.8552  -33.5273  3.0157  7.0417
  189   189    8    82.8898  -34.0053  3.0157  7.0417
  190   190    8    79.8786  -33.8399  3.0157  7.0417
  191   191    8    88.9111  -34.3546  3.0157  7.0417
  192   192    8    85.9006  -34.1769  3.0157  7.0417
  193   193    9    86.3084  -27.1471  3.0301  7.0417
  194   194    9    89.3332  -27.3256  3.0301  7.0417
  195   195    9    80.2578  -26.8084  3.0301  7.0417
  196   196    9    83.2833  -26.9747  3.0301  7.0417
  197   197    9    74.2058  -26.4944  3.0301  7.0417
  198   198    9    77.2319  -26.6483  3.0301  7.0417
  199   199   10    86.7162  -20.1172  3.0444  7.0417
  200   200   10    89.7553  -20.2966  3.0444  7.0417
  201   201   10    80.6370  -19.7770  3.0444  7.0417
  202   202   10    83.6768  -19.9440  3.0444  7.0417
  203   203   10    74.5564  -19.4614  3.0444  7.0417
  204   204   10    77.5969  -19.6161  3.0444  7.0417
  205   205   11    87.1240  -13.0874  3.0587  7.0417
  206   206   11    90.1774  -13.2676  3.0587  7.0417
  207   207   11    81.0162  -12.7455  3.0587  7.0417
  208   208   11    84.0703  -12.9133  3.0587  7.0417
  209   209   11    74.9070  -12.4285  3.0587  7.0417
  210   210   11    77.9618  -12.5839  3.0587  7.0417
  211   211   12    75.2576   -5.3956  3.0730  7.0417
  212   212   12    78.3267   -5.5517  3.0730  7.0417
  213   213   12    81.3954   -5.7141  3.0730  7.0417
  214   214   12    84.4638   -5.8827  3.0730  7.0417
  215   215   12    87.5318   -6.0575  3.0730  7.0417
  216   216   12    90.5995   -6.2386  3.0730  7.0417
  217   217    1    88.8666  -83.7354  2.9155  7.0417
  218   218    2   103.9192  -77.6893  2.9298  7.0417
  219   219    1    91.7764  -83.9190  2.9155  7.0417
  220   220    2   100.9968  -77.4810  2.9298  7.0417
  221   221    1    94.6857  -84.1085  2.9155  7.0417
  222   222    2    98.0740  -77.2787  2.9298  7.0417
  223   223    1    97.5947  -84.3040  2.9155  7.0417
  224   224    2    95.1507  -77.0822  2.9298  7.0417
  225   225    1   100.5033  -84.5054  2.9155  7.0417
  226   226    2    92.2271  -76.8918  2.9298  7.0417
  227   227    1   103.4114  -84.7127  2.9155  7.0417
  228   228    2    89.3030  -76.7072  2.9298  7.0417
  229   229    3    89.7394  -69.6791  2.9442  7.0417
  230   230    3    92.6777  -69.8645  2.9442  7.0417
  231   231    3    95.6156  -70.0559  2.9442  7.0417
  232   232    3    98.5532  -70.2533  2.9442  7.0417
  233   233    3   101.4903  -70.4567  2.9442  7.0417
  234   234    3   104.4270  -70.6660  2.9442  7.0417
  235   235    5    90.6121  -55.6228  2.9728  7.0417
  236   236    4    90.1758  -62.6510  2.9585  7.0417
  237   237    4    93.1284  -62.8373  2.9585  7.0417
  238   238    4    96.0806  -63.0296  2.9585  7.0417
  239   239    4    99.0324  -63.2280  2.9585  7.0417
  240   240    4   101.9838  -63.4323  2.9585  7.0417
  241   241    4   104.9348  -63.6427  2.9585  7.0417
  242   242    5    93.5790  -55.8101  2.9728  7.0417
  243   243    5    96.5455  -56.0033  2.9728  7.0417
  244   244    5    99.5116  -56.2026  2.9728  7.0417
  245   245    6    91.0485  -48.5947  2.9871  7.0417
  246   246    5   102.4773  -56.4080  2.9728  7.0417
  247   247    5   105.4426  -56.6193  2.9728  7.0417
  248   248    6    94.0297  -48.7828  2.9871  7.0417
  249   249    6    97.0105  -48.9770  2.9871  7.0417
  250   250    6    99.9909  -49.1773  2.9871  7.0417
  251   251    6   102.9709  -49.3836  2.9871  7.0417
  252   252    6   105.9504  -49.5960  2.9871  7.0417
  253   253    7    91.4849  -41.5666  3.0014  7.0417
  254   254    7    94.4804  -41.7556  3.0014  7.0417
  255   255    7    97.4754  -41.9507  3.0014  7.0417
  256   256    7   100.4701  -42.1520  3.0014  7.0417
  257   257    7   103.4644  -42.3593  3.0014  7.0417
  258   258    7   106.4582  -42.5727  3.0014  7.0417
  259   259    8   106.9660  -35.5493  3.0157  7.0417
  260   260    8   103.9579  -35.3349  3.0157  7.0417
  261   261    8   100.9493  -35.1266  3.0157  7.0417
  262   262    8    97.9404  -34.9244  3.0157  7.0417
  263   263    8    94.9310  -34.7284  3.0157  7.0417
  264   264    8    91.9213  -34.5384  3.0157  7.0417
  265   265    9   107.4738  -28.5260  3.0301  7.0417
  266   266    9   104.4514  -28.3106  3.0301  7.0417
  267   267    9   101.4286  -28.1013  3.0301  7.0417
  268   268    9    98.4053  -27.8981  3.0301  7.0417
  269   269    9    95.3817  -27.7011  3.0301  7.0417
  270   270    9    92.3576  -27.5103  3.0301  7.0417
  271   271   10   107.9816  -21.5027  3.0444  7.0417
  272   272   10   104.9449  -21.2862  3.0444  7.0417
  273   273   10   101.9078  -21.0759  3.0444  7.0417
  274   274   10    98.8703  -20.8718  3.0444  7.0417
  275   275   10    95.8323  -20.6739  3.0444  7.0417
  276   276   10    92.7940  -20.4822  3.0444  7.0417
  277   277   11   108.4894  -14.4793  3.0587  7.0417
  278   278   11   105.4384  -14.2619  3.0587  7.0417
  279   279   11   102.3870  -14.0506  3.0587  7.0417
  280   280   11    99.3352  -13.8455  3.0587  7.0417
  281   281   11    96.2830  -13.6467  3.0587  7.0417
  282   282   11    93.2304  -13.4540  3.0587  7.0417
  283   283   12   108.9972   -7.4560  3.0730  7.0417
  284   284   12   105.9319   -7.2375  3.0730  7.0417
  285   285   12   102.8663   -7.0253  3.0730  7.0417
  286   286   12    99.8002   -6.8192  3.0730  7.0417
  287   287   12    96.7337   -6.6195  3.0730  7.0417
  288   288   12    93.6668   -6.4259  3.0730  7.0417
  289   289   13    57.1021    2.4468  3.0873  7.0417
  290   290   13    72.5246    1.7880  3.0873  7.0417
  291   291   13    60.1871    2.3276  3.0873  7.0417
  292   292   13    69.4406    1.9323  3.0873  7.0417
  293   293   13    63.2719    2.2021  3.0873  7.0417
  294   294   13    66.3564    2.0703  3.0873  7.0417
  295   295   14    57.3669    9.4835  3.1016  7.0417
  296   296   14    60.4662    9.3637  3.1016  7.0417
  297   297   14    63.5653    9.2376  3.1016  7.0417
  298   298   14    66.6641    9.1053  3.1016  7.0417
  299   299   14    69.7626    8.9666  3.1016  7.0417
  300   300   14    72.8609    8.8216  3.1016  7.0417
  301   301   15    57.6317   16.5202  3.1160  7.0417
  302   302   15    60.7453   16.3999  3.1160  7.0417
  303   303   15    63.8587   16.2732  3.1160  7.0417
  304   304   15    66.9718   16.1402  3.1160  7.0417
  305   305   15    70.0847   16.0009  3.1160  7.0417
  306   306   15    73.1972   15.8552  3.1160  7.0417
  307   307   16    57.8965   23.5569  3.1303  7.0417
  308   308   16    61.0244   23.4360  3.1303  7.0417
  309   309   16    64.1521   23.3087  3.1303  7.0417
  310   310   16    67.2795   23.1751  3.1303  7.0417
  311   311   16    70.4067   23.0352  3.1303  7.0417
  312   312   16    73.5335   22.8888  3.1303  7.0417
  313   313   17    58.1613   30.5936  3.1446  7.0417
  314   314   17    61.3035   30.4721  3.1446  7.0417
  315   315   17    67.5872   30.2101  3.1446  7.0417
  316   316   17    64.4455   30.3443  3.1446  7.0417
  317   317   17    73.8698   29.9225  3.1446  7.0417
  318   318   17    70.7287   30.0695  3.1446  7.0417
  319   319   18    71.0507   37.1038  3.1589  7.0417
  320   320   18    74.2061   36.9561  3.1589  7.0417
  321   321   18    64.7389   37.3798  3.1589  7.0417
  322   322   18    67.8949   37.2450  3.1589  7.0417
  323   323   18    58.4260   37.6303  3.1589  7.0417
  324   324   18    61.5826   37.5083  3.1589  7.0417
  325   325   19    71.3727   44.1381  3.1732  7.0417
  326   326   19    74.5424   43.9897  3.1732  7.0417
  327   327   19    65.0323   44.4154  3.1732  7.0417
  328   328   19    68.2026   44.2800  3.1732  7.0417
  329   329   19    58.6908   44.6669  3.1732  7.0417
  330   330   19    61.8617   44.5444  3.1732  7.0417
  331   331   22    65.9125   65.5221  3.2162  7.0417
  332   332   20    74.8788   51.0234  3.1875  7.0417
  333   333   22    62.6990   65.6528  3.2162  7.0417
  334   334   20    71.6947   51.1724  3.1875  7.0417
  335   335   22    59.4852   65.7770  3.2162  7.0417
  336   336   20    68.5103   51.3149  3.1875  7.0417
  337   337   23    75.8877   72.1243  3.2305  7.0417
  338   338   20    65.3257   51.4510  3.1875  7.0417
  339   339   23    72.6607   72.2753  3.2305  7.0417
  340   340   20    62.1408   51.5805  3.1875  7.0417
  341   341   23    69.4335   72.4197  3.2305  7.0417
  342   342   20    58.9556   51.7036  3.1875  7.0417
  343   343   23    66.2059   72.5576  3.2305  7.0417
  344   344   21    75.2151   58.0570  3.2019  7.0417
  345   345   23    62.9781   72.6889  3.2305  7.0417
  346   346   21    72.0167   58.2067  3.2019  7.0417
  347   347   23    59.7500   72.8137  3.2305  7.0417
  348   348   21    68.8180   58.3498  3.2019  7.0417
  349   349   24    76.2240   79.1579  3.2448  7.0417
  350   350   21    65.6191   58.4865  3.2019  7.0417
  351   351   24    60.0148   79.8504  3.2448  7.0417
  352   352   21    62.4199   58.6167  3.2019  7.0417
  353   353   24    63.2572   79.7251  3.2448  7.0417
  354   354   21    59.2204   58.7403  3.2019  7.0417
  355   355   24    66.4993   79.5932  3.2448  7.0417
  356   356   22    75.5514   65.0906  3.2162  7.0417
  357   357   24    69.7412   79.4547  3.2448  7.0417
  358   358   22    72.3387   65.2410  3.2162  7.0417
  359   359   24    72.9827   79.3096  3.2448  7.0417
  360   360   22    69.1258   65.3848  3.2162  7.0417
  361   361   13    38.5874    3.0305  3.0873  7.0417
  362   362   13    41.6737    2.9489  3.0873  7.0417
  363   363   14    38.7664   10.0699  3.1016  7.0417
  364   364   14    41.8669    9.9879  3.1016  7.0417
  365   365   13    44.7598    2.8610  3.0873  7.0417
  366   366   14    44.9673    9.8996  3.1016  7.0417
  367   367   13    47.8456    2.7669  3.0873  7.0417
  368   368   14    48.0675    9.8051  3.1016  7.0417
  369   369   13    50.9313    2.6665  3.0873  7.0417
  370   370   14    51.1675    9.7042  3.1016  7.0417
  371   371   13    54.0168    2.5598  3.0873  7.0417
  372   372   14    54.2673    9.5970  3.1016  7.0417
  373   373   15    38.9453   17.1093  3.1160  7.0417
  374   374   15    42.0602   17.0269  3.1160  7.0417
  375   375   15    45.1749   16.9382  3.1160  7.0417
  376   376   15    48.2894   16.8432  3.1160  7.0417
  377   377   15    51.4037   16.7419  3.1160  7.0417
  378   378   15    54.5178   16.6342  3.1160  7.0417
  379   379   16    39.1242   24.1487  3.1303  7.0417
  380   380   16    42.2534   24.0659  3.1303  7.0417
  381   381   16    45.3824   23.9768  3.1303  7.0417
  382   382   16    48.5113   23.8814  3.1303  7.0417
  383   383   16    51.6399   23.7796  3.1303  7.0417
  384   384   16    54.7683   23.6714  3.1303  7.0417
  385   385   17    55.0188   30.7086  3.1446  7.0417
  386   386   17    51.8761   30.8173  3.1446  7.0417
  387   387   17    48.7331   30.9196  3.1446  7.0417
  388   388   17    45.5900   31.0155  3.1446  7.0417
  389   389   17    39.3032   31.1880  3.1446  7.0417
  390   390   17    42.4467   31.1049  3.1446  7.0417
  391   391   18    55.2693   37.7458  3.1589  7.0417
  392   392   18    52.1122   37.8550  3.1589  7.0417
  393   393   18    48.9550   37.9577  3.1589  7.0417
  394   394   18    45.7976   38.0541  3.1589  7.0417
  395   395   18    39.4821   38.2274  3.1589  7.0417
  396   396   18    42.6399   38.1440  3.1589  7.0417
  397   397   19    52.3484   44.8927  3.1732  7.0417
  398   398   19    55.5197   44.7830  3.1732  7.0417
  399   399   19    46.0051   45.0927  3.1732  7.0417
  400   400   19    49.1769   44.9959  3.1732  7.0417
  401   401   20    55.7702   51.8203  3.1875  7.0417
  402   402   19    42.8332   45.1830  3.1732  7.0417
  403   403   20    49.3987   52.0341  3.1875  7.0417
  404   404   20    52.5846   51.9304  3.1875  7.0417
  405   405   19    39.6611   45.2668  3.1732  7.0417
  406   406   20    46.2127   52.1313  3.1875  7.0417
  407   407   24    43.7994   80.3780  3.2448  7.0417
  408   408   24    50.2862   80.1868  3.2448  7.0417
  409   409   24    40.5557   80.4638  3.2448  7.0417
  410   410   24    56.7722   79.9691  3.2448  7.0417
  411   411   24    47.0429   80.2857  3.2448  7.0417
  412   412   20    43.0264   52.2220  3.1875  7.0417
  413   413   24    53.5293   80.0812  3.2448  7.0417
  414   414   21    56.0207   58.8575  3.2019  7.0417
  415   415   23    40.3768   73.4244  3.2305  7.0417
  416   416   21    52.8208   58.9681  3.2019  7.0417
  417   417   23    43.6062   73.3390  3.2305  7.0417
  418   418   21    49.6206   59.0722  3.2019  7.0417
  419   419   23    46.8354   73.2471  3.2305  7.0417
  420   420   20    39.8400   52.3062  3.1875  7.0417
  421   421   22    56.2712   65.8947  3.2162  7.0417
  422   422   21    46.4202   59.1699  3.2019  7.0417
  423   423   22    53.0569   66.0058  3.2162  7.0417
  424   424   21    43.2197   59.2610  3.2019  7.0417
  425   425   22    46.6278   66.2085  3.2162  7.0417
  426   426   22    49.8425   66.1104  3.2162  7.0417
  427   427   22    40.1979   66.3850  3.2162  7.0417
  428   428   22    43.4129   66.3000  3.2162  7.0417
  429   429   23    53.2931   73.0435  3.2305  7.0417
  430   430   21    40.0189   59.3456  3.2019  7.0417
  431   431   23    50.0643   73.1486  3.2305  7.0417
  432   432   23    56.5217   72.9319  3.2305  7.0417
  433   433    2    51.2615  -74.8495  2.9298  7.0417
  434   434    3    36.7981  -67.3635  2.9442  7.0417
  435   435    2    48.3334  -74.7483  2.9298  7.0417
  436   436    3    39.7412  -67.4413  2.9442  7.0417
  437   437    2    45.4051  -74.6530  2.9298  7.0417
  438   438    3    42.6842  -67.5250  2.9442  7.0417
  439   439    2    42.4766  -74.5637  2.9298  7.0417
  440   440    3    45.6270  -67.6148  2.9442  7.0417
  441   441    2    39.5479  -74.4803  2.9298  7.0417
  442   442    3    48.5696  -67.7106  2.9442  7.0417
  443   443    2    36.6191  -74.4028  2.9298  7.0417
  444   444    3    51.5120  -67.8123  2.9442  7.0417
  445   445    4    36.9770  -60.3241  2.9585  7.0417
  446   446    4    39.9344  -60.4022  2.9585  7.0417
  447   447    1    51.0110  -81.8867  2.9155  7.0417
  448   448    4    42.8917  -60.4864  2.9585  7.0417
  449   449    1    48.0972  -81.7860  2.9155  7.0417
  450   450    4    45.8488  -60.5766  2.9585  7.0417
  451   451    1    45.1832  -81.6912  2.9155  7.0417
  452   452    4    48.8057  -60.6729  2.9585  7.0417
  453   453    1    42.2690  -81.6023  2.9155  7.0417
  454   454    4    51.7624  -60.7751  2.9585  7.0417
  455   455    1    39.3547  -81.5193  2.9155  7.0417
  456   456    5    40.1277  -53.3632  2.9728  7.0417
  457   457    1    36.4402  -81.4422  2.9155  7.0417
  458   458    5    46.0707  -53.5385  2.9728  7.0417
  459   459    5    37.1559  -53.2847  2.9728  7.0417
  460   460    5    49.0419  -53.6352  2.9728  7.0417
  461   461    5    43.0993  -53.4478  2.9728  7.0417
  462   462    5    52.0129  -53.7379  2.9728  7.0417
  463   463    6    37.3349  -46.2453  2.9871  7.0417
  464   464    6    40.3209  -46.3242  2.9871  7.0417
  465   465    6    43.3068  -46.4092  2.9871  7.0417
  466   466    6    46.2926  -46.5003  2.9871  7.0417
  467   467    6    49.2781  -46.5975  2.9871  7.0417
  468   468    6    52.2634  -46.7007  2.9871  7.0417
  469   469    7    37.5138  -39.2059  3.0014  7.0417
  470   470    7    40.5142  -39.2852  3.0014  7.0417
  471   471    7    46.5144  -39.4621  3.0014  7.0417
  472   472    7    43.5144  -39.3706  3.0014  7.0417
  473   473    7    52.5139  -39.6635  3.0014  7.0417
  474   474    7    49.5143  -39.5598  3.0014  7.0417
  475   475    8    37.6927  -32.1665  3.0157  7.0417
  476   476    8    40.7074  -32.2462  3.0157  7.0417
  477   477    8    46.7363  -32.4240  3.0157  7.0417
  478   478    8    43.7220  -32.3320  3.0157  7.0417
  479   479    8    52.7644  -32.6263  3.0157  7.0417
  480   480    8    49.7504  -32.5221  3.0157  7.0417
  481   481    9    49.9866  -25.4843  3.0301  7.0417
  482   482    9    53.0149  -25.5891  3.0301  7.0417
  483   483    9    43.9295  -25.2934  3.0301  7.0417
  484   484    9    46.9582  -25.3858  3.0301  7.0417
  485   485    9    37.8717  -25.1271  3.0301  7.0417
  486   486    9    40.9007  -25.2072  3.0301  7.0417
  487   487   10    50.2228  -18.4466  3.0444  7.0417
  488   488   10    53.2654  -18.5518  3.0444  7.0417
  489   489   10    44.1371  -18.2548  3.0444  7.0417
  490   490   10    47.1800  -18.3476  3.0444  7.0417
  491   491   10    38.0506  -18.0877  3.0444  7.0417
  492   492   10    41.0939  -18.1682  3.0444  7.0417
  493   493   12    53.7663   -4.4774  3.0730  7.0417
  494   494   11    53.5159  -11.5146  3.0587  7.0417
  495   495   12    50.6952   -4.3712  3.0730  7.0417
  496   496   11    50.4590  -11.4089  3.0587  7.0417
  497   497   12    47.6238   -4.2713  3.0730  7.0417
  498   498   11    47.4019  -11.3095  3.0587  7.0417
  499   499   12    44.5522   -4.1776  3.0730  7.0417
  500   500   11    44.3446  -11.2162  3.0587  7.0417
  501   501   11    38.2296  -11.0483  3.0587  7.0417
  502   502   11    41.2872  -11.1291  3.0587  7.0417
  503   503   12    38.4085   -4.0089  3.0730  7.0417
  504   504   12    41.4804   -4.0901  3.0730  7.0417
  505   505    1    65.5765  -82.4793  2.9155  7.0417
  506   506    4    57.6752  -60.9976  2.9585  7.0417
  507   507    1    62.6639  -82.3490  2.9155  7.0417
  508   508    3    60.3378  -68.1534  2.9442  7.0417
  509   509    1    59.7510  -82.2245  2.9155  7.0417
  510   510    3    63.2793  -68.2791  2.9442  7.0417
  511   511    1    56.8379  -82.1060  2.9155  7.0417
  512   512    4    60.6312  -61.1179  2.9585  7.0417
  513   513    1    53.9246  -81.9934  2.9155  7.0417
  514   514    4    63.5870  -61.2441  2.9585  7.0417
  515   515    1    68.4889  -82.6156  2.9155  7.0417
  516   516    3    66.2205  -68.4107  2.9442  7.0417
  517   517    2    54.1894  -74.9567  2.9298  7.0417
  518   518    3    69.1615  -68.5484  2.9442  7.0417
  519   519    2    57.1170  -75.0699  2.9298  7.0417
  520   520    4    66.5425  -61.3764  2.9585  7.0417
  521   521    2    60.0444  -75.1890  2.9298  7.0417
  522   522    4    69.4978  -61.5147  2.9585  7.0417
  523   523    2    62.9716  -75.3140  2.9298  7.0417
  524   524    5    57.9543  -53.9615  2.9728  7.0417
  525   525    2    65.8985  -75.4450  2.9298  7.0417
  526   526    5    54.9837  -53.8467  2.9728  7.0417
  527   527    2    68.8252  -75.5820  2.9298  7.0417
  528   528    5    60.9247  -54.0823  2.9728  7.0417
  529   529    4    54.7189  -60.8833  2.9585  7.0417
  530   530    5    63.8947  -54.2092  2.9728  7.0417
  531   531    3    54.4542  -67.9200  2.9442  7.0417
  532   532    5    66.8646  -54.3421  2.9728  7.0417
  533   533    3    57.3961  -68.0337  2.9442  7.0417
  534   534    5    69.8341  -54.4811  2.9728  7.0417
  535   535    6    55.2485  -46.8100  2.9871  7.0417
  536   536    6    61.2181  -47.0468  2.9871  7.0417
  537   537    6    58.2334  -46.9253  2.9871  7.0417
  538   538    6    64.2024  -47.1743  2.9871  7.0417
  539   539    6    67.1866  -47.3078  2.9871  7.0417
  540   540    6    70.1704  -47.4475  2.9871  7.0417
  541   541    7    55.5133  -39.7733  3.0014  7.0417
  542   542    7    58.5125  -39.8892  3.0014  7.0417
  543   543    7    61.5115  -40.0112  3.0014  7.0417
  544   544    7    64.5102  -40.1393  3.0014  7.0417
  545   545    7    67.5086  -40.2735  3.0014  7.0417
  546   546    7    70.5067  -40.4138  3.0014  7.0417
  547   547    8    70.8430  -33.3802  3.0157  7.0417
  548   548    8    67.8306  -33.2392  3.0157  7.0417
  549   549    8    64.8179  -33.1044  3.0157  7.0417
  550   550    8    61.8049  -32.9757  3.0157  7.0417
  551   551    8    55.7781  -32.7366  3.0157  7.0417
  552   552    8    58.7916  -32.8531  3.0157  7.0417
  553   553    9    68.1526  -26.2049  3.0301  7.0417
  554   554    9    71.1793  -26.3466  3.0301  7.0417
  555   555    9    62.0983  -25.9401  3.0301  7.0417
  556   556    9    65.1256  -26.0694  3.0301  7.0417
  557   557    9    56.0429  -25.6999  3.0301  7.0417
  558   558    9    59.0707  -25.8169  3.0301  7.0417
  559   559   10    68.4746  -19.1706  3.0444  7.0417
  560   560   10    71.5157  -19.3129  3.0444  7.0417
  561   561   10    62.3917  -18.9046  3.0444  7.0417
  562   562   10    65.4333  -19.0345  3.0444  7.0417
  563   563   10    56.3077  -18.6632  3.0444  7.0417
  564   564   10    59.3498  -18.7808  3.0444  7.0417
  565   565   11    68.7966  -12.1363  3.0587  7.0417
  566   566   11    71.8520  -12.2793  3.0587  7.0417
  567   567   11    62.6851  -11.8690  3.0587  7.0417
  568   568   11    65.7410  -11.9996  3.0587  7.0417
  569   569   11    56.5725  -11.6265  3.0587  7.0417
  570   570   11    59.6289  -11.7447  3.0587  7.0417
  571   571   12    62.9785   -4.8335  3.0730  7.0417
  572   572   12    66.0487   -4.9646  3.0730  7.0417
  573   573   12    59.9080   -4.7085  3.0730  7.0417
  574   574   12    69.1186   -5.1020  3.0730  7.0417
  575   575   12    56.8373   -4.5899  3.0730  7.0417
  576   576   12    72.1883   -5.2457  3.0730  7.0417
  577   577   13    20.0670    3.3882  3.0873  7.0417
  578   578   13    35.5010    3.1058  3.0873  7.0417
  579   579   13    23.1541    3.3443  3.0873  7.0417
  580   580   13    32.4145    3.1748  3.0873  7.0417
  581   581   13    26.2410    3.2941  3.0873  7.0417
  582   582   13    29.3278    3.2376  3.0873  7.0417
  583   583   14    20.1601   10.4293  3.1016  7.0417
  584   584   14    26.3627   10.3347  3.1016  7.0417
  585   585   14    23.2614   10.3851  3.1016  7.0417
  586   586   14    32.5648   10.2149  3.1016  7.0417
  587   587   14    29.4638   10.2780  3.1016  7.0417
  588   588   15    23.3688   17.4260  3.1160  7.0417
  589   589   14    35.6657   10.1455  3.1016  7.0417
  590   590   15    26.4843   17.3753  3.1160  7.0417
  591   591   15    20.2532   17.4703  3.1160  7.0417
  592   592   15    32.7151   17.2550  3.1160  7.0417
  593   593   15    29.5998   17.3183  3.1160  7.0417
  594   594   16    23.4762   24.4668  3.1303  7.0417
  595   595   15    35.8303   17.1853  3.1160  7.0417
  596   596   16    26.6060   24.4159  3.1303  7.0417
  597   597   16    20.3462   24.5114  3.1303  7.0417
  598   598   16    32.8654   24.2950  3.1303  7.0417
  599   599   16    29.7358   24.3587  3.1303  7.0417
  600   600   17    36.1595   31.2648  3.1446  7.0417
  601   601   16    35.9949   24.2250  3.1303  7.0417
  602   602   17    26.7277   31.4565  3.1446  7.0417
  603   603   17    23.5835   31.5077  3.1446  7.0417
  604   604   17    33.0157   31.3351  3.1446  7.0417
  605   605   17    20.4393   31.5524  3.1446  7.0417
  606   606   17    29.8718   31.3990  3.1446  7.0417
  607   607   18    33.1660   38.3751  3.1589  7.0417
  608   608   18    36.3241   38.3045  3.1589  7.0417
  609   609   18    23.6909   38.5485  3.1589  7.0417
  610   610   18    30.0078   38.4394  3.1589  7.0417
  611   611   18    20.5323   38.5935  3.1589  7.0417
  612   612   18    26.8494   38.4972  3.1589  7.0417
  613   613   19    20.6254   45.6345  3.1732  7.0417
  614   614   19    36.4888   45.3442  3.1732  7.0417
  615   615   21    27.2144   59.6190  3.2019  7.0417
  616   616   19    33.3163   45.4152  3.1732  7.0417
  617   617   21    24.0130   59.6711  3.2019  7.0417
  618   618   19    30.1438   45.4797  3.1732  7.0417
  619   619   22    30.5518   66.6008  3.2162  7.0417
  620   620   20    36.6534   52.3840  3.1875  7.0417
  621   621   24    34.0679   80.6155  3.2448  7.0417
  622   622   20    33.4667   52.4553  3.1875  7.0417
  623   623   23    30.6878   73.6411  3.2305  7.0417
  624   624   19    26.9711   45.5378  3.1732  7.0417
  625   625   24    30.8238   80.6815  3.2448  7.0417
  626   626   19    23.7983   45.5894  3.1732  7.0417
  627   627   24    21.0906   80.8398  3.2448  7.0417
  628   628   20    30.2798   52.5201  3.1875  7.0417
  629   629   23    20.9976   73.7988  3.2305  7.0417
  630   630   21    36.8180   59.4237  3.2019  7.0417
  631   631   24    24.3351   80.7936  3.2448  7.0417
  632   632   21    33.6170   59.4953  3.2019  7.0417
  633   633   23    24.2278   73.7528  3.2305  7.0417
  634   634   22    36.9826   66.4635  3.2162  7.0417
  635   635   20    20.7184   52.6756  3.1875  7.0417
  636   636   20    27.0928   52.5784  3.1875  7.0417
  637   637   24    27.5795   80.7409  3.2448  7.0417
  638   638   20    23.9056   52.6302  3.1875  7.0417
  639   639   22    20.9045   66.7577  3.2162  7.0417
  640   640   22    33.7673   66.5354  3.2162  7.0417
  641   641   22    27.3361   66.6596  3.2162  7.0417
  642   642   23    37.1473   73.5032  3.2305  7.0417
  643   643   23    27.4578   73.7002  3.2305  7.0417
  644   644   24    37.3119   80.5430  3.2448  7.0417
  645   645   22    24.1204   66.7119  3.2162  7.0417
  646   646   21    30.4158   59.5604  3.2019  7.0417
  647   647   21    20.8115   59.7167  3.2019  7.0417
  648   648   23    33.9176   73.5755  3.2305  7.0417
  649   649   13     7.7183    3.5012  3.0873  7.0417
  650   650   13    10.8056    3.4824  3.0873  7.0417
  651   651   13     4.6310    3.5138  3.0873  7.0417
  652   652   13    13.8928    3.4573  3.0873  7.0417
  653   653   13     1.5437    3.5200  3.0873  7.0417
  654   654   13    16.9799    3.4259  3.0873  7.0417
  655   655   14     4.6525   10.5554  3.1016  7.0417
  656   656   14    13.9572   10.4987  3.1016  7.0417
  657   657   14     7.7541   10.5428  3.1016  7.0417
  658   658   14    10.8557   10.5239  3.1016  7.0417
  659   659   14     1.5508   10.5617  3.1016  7.0417
  660   660   14    17.0587   10.4671  3.1016  7.0417
  661   661   15     7.7899   17.5844  3.1160  7.0417
  662   662   15    10.9058   17.5654  3.1160  7.0417
  663   663   15     4.6739   17.5970  3.1160  7.0417
  664   664   15    14.0216   17.5400  3.1160  7.0417
  665   665   15     1.5580   17.6034  3.1160  7.0417
  666   666   15    17.1374   17.5083  3.1160  7.0417
  667   667   16     7.8257   24.6259  3.1303  7.0417
  668   668   16    17.2162   24.5496  3.1303  7.0417
  669   669   16     4.6954   24.6387  3.1303  7.0417
  670   670   16    10.9559   24.6069  3.1303  7.0417
  671   671   16     1.5651   24.6450  3.1303  7.0417
  672   672   16    14.0860   24.5814  3.1303  7.0417
  673   673   17     1.5723   31.6867  3.1446  7.0417
  674   674   17    17.2949   31.5908  3.1446  7.0417
  675   675   17     4.7169   31.6803  3.1446  7.0417
  676   676   17    11.0060   31.6483  3.1446  7.0417
  677   677   17     7.8614   31.6675  3.1446  7.0417
  678   678   17    14.1505   31.6228  3.1446  7.0417
  679   679   18     1.5795   38.7284  3.1589  7.0417
  680   680   18    17.3736   38.6320  3.1589  7.0417
  681   681   18     4.7384   38.7219  3.1589  7.0417
  682   682   19    17.4524   45.6733  3.1732  7.0417
  683   683   18     7.8972   38.7091  3.1589  7.0417
  684   684   18    11.0561   38.6898  3.1589  7.0417
  685   685   19     1.5866   45.7700  3.1732  7.0417
  686   686   20    17.5311   52.7145  3.1875  7.0417
  687   687   20     1.5938   52.8117  3.1875  7.0417
  688   688   18    14.2149   38.6641  3.1589  7.0417
  689   689   21     1.6009   59.8534  3.2019  7.0417
  690   690   21    17.6099   59.7557  3.2019  7.0417
  691   691   22     1.6081   66.8950  3.2162  7.0417
  692   692   22    17.6886   66.7969  3.2162  7.0417
  693   693   23     1.6152   73.9367  3.2305  7.0417
  694   694   23    17.7673   73.8382  3.2305  7.0417
  695   695   24     1.6224   80.9783  3.2448  7.0417
  696   696   24    17.8461   80.8794  3.2448  7.0417
  697   697   19     7.9330   45.7507  3.1732  7.0417
  698   698   19    14.2793   45.7055  3.1732  7.0417
  699   699   19     4.7598   45.7636  3.1732  7.0417
  700   700   19    11.1062   45.7313  3.1732  7.0417
  701   701   23     4.8457   73.9301  3.2305  7.0417
  702   702   24    14.6014   80.9124  3.2448  7.0417
  703   703   20     4.7813   52.8052  3.1875  7.0417
  704   704   23    14.5370   73.8710  3.2305  7.0417
  705   705   23     8.0762   73.9170  3.2305  7.0417
  706   706   22    14.4726   66.8296  3.2162  7.0417
  707   707   22     4.8243   66.8885  3.2162  7.0417
  708   708   20    14.3437   52.7469  3.1875  7.0417
  709   709   20     7.9688   52.7922  3.1875  7.0417
  710   710   20    11.1563   52.7728  3.1875  7.0417
  711   711   21     4.8028   59.8468  3.2019  7.0417
  712   712   24    11.3567   80.9388  3.2448  7.0417
  713   713   22     8.0404   66.8754  3.2162  7.0417
  714   714   24     8.1120   80.9586  3.2448  7.0417
  715   715   22    11.2565   66.8558  3.2162  7.0417
  716   716   23    11.3066   73.8973  3.2305  7.0417
  717   717   21    11.2064   59.8143  3.2019  7.0417
  718   718   24     4.8672   80.9717  3.2448  7.0417
  719   719   21     8.0046   59.8338  3.2019  7.0417
  720   720   21    14.4082   59.7883  3.2019  7.0417
  721   721    4     7.3962  -59.8730  2.9585  7.0417
  722   722    4    13.3130  -59.9151  2.9585  7.0417
  723   723    4    10.3546  -59.8910  2.9585  7.0417
  724   724    1     7.2888  -80.9977  2.9155  7.0417
  725   725    3    10.3045  -66.9325  2.9442  7.0417
  726   726    2    10.2544  -73.9740  2.9298  7.0417
  727   727    3     7.3604  -66.9145  2.9442  7.0417
  728   728    1     4.3733  -80.9858  2.9155  7.0417
  729   729    4     4.4377  -59.8609  2.9585  7.0417
  730   730    1    10.2043  -81.0155  2.9155  7.0417
  731   731    5     7.4320  -52.8314  2.9728  7.0417
  732   732    5    10.4047  -52.8495  2.9728  7.0417
  733   733    3     4.4162  -66.9026  2.9442  7.0417
  734   734    5    13.3774  -52.8737  2.9728  7.0417
  735   735    2     7.3246  -73.9561  2.9298  7.0417
  736   736    3    13.2485  -66.9564  2.9442  7.0417
  737   737    5     4.4592  -52.8193  2.9728  7.0417
  738   738    2    13.1841  -73.9978  2.9298  7.0417
  739   739    2     4.3948  -73.9442  2.9298  7.0417
  740   740    1    13.1197  -81.0392  2.9155  7.0417
  741   741    6     4.4807  -45.7777  2.9871  7.0417
  742   742    6    10.4548  -45.8080  2.9871  7.0417
  743   743    6     7.4677  -45.7898  2.9871  7.0417
  744   744    6    13.4418  -45.8323  2.9871  7.0417
  745   745    1     1.4578  -80.9799  2.9155  7.0417
  746   746    1    16.0351  -81.0688  2.9155  7.0417
  747   747    2     1.4649  -73.9382  2.9298  7.0417
  748   748    2    16.1138  -74.0276  2.9298  7.0417
  749   749    3     1.4721  -66.8966  2.9442  7.0417
  750   750    3    16.1926  -66.9864  2.9442  7.0417
  751   751    4     1.4792  -59.8549  2.9585  7.0417
  752   752    4    16.2713  -59.9451  2.9585  7.0417
  753   753    5     1.4864  -52.8133  2.9728  7.0417
  754   754    7    13.5062  -38.7910  3.0014  7.0417
  755   755    6     1.4936  -45.7716  2.9871  7.0417
  756   756    5    16.3500  -52.9039  2.9728  7.0417
  757   757    7     7.5035  -38.7482  3.0014  7.0417
  758   758    7    10.5049  -38.7665  3.0014  7.0417
  759   759    7     4.5021  -38.7360  3.0014  7.0417
  760   760    6    16.4288  -45.8627  2.9871  7.0417
  761   761    7     1.5007  -38.7299  3.0014  7.0417
  762   762    7    16.5075  -38.8215  3.0014  7.0417
  763   763    8     7.5393  -31.7067  3.0157  7.0417
  764   764    8    10.5550  -31.7251  3.0157  7.0417
  765   765    8     4.5236  -31.6944  3.0157  7.0417
  766   766    8    13.5707  -31.7496  3.0157  7.0417
  767   767    8     1.5079  -31.6883  3.0157  7.0417
  768   768    8    16.5862  -31.7802  3.0157  7.0417
  769   769    9     1.5150  -24.6466  3.0301  7.0417
  770   770    9    10.6051  -24.6836  3.0301  7.0417
  771   771    9     4.5451  -24.6528  3.0301  7.0417
  772   772    9    13.6351  -24.7082  3.0301  7.0417
  773   773    9     7.5751  -24.6651  3.0301  7.0417
  774   774    9    16.6650  -24.7390  3.0301  7.0417
  775   775   10     1.5222  -17.6049  3.0444  7.0417
  776   776   10    16.7437  -17.6978  3.0444  7.0417
  777   777   10     4.5666  -17.6111  3.0444  7.0417
  778   778   10    13.6995  -17.6668  3.0444  7.0417
  779   779   10     7.6109  -17.6235  3.0444  7.0417
  780   780   10    10.6552  -17.6421  3.0444  7.0417
  781   781   11     1.5293  -10.5633  3.0587  7.0417
  782   782   11    16.8225  -10.6566  3.0587  7.0417
  783   783   11     7.6467  -10.5819  3.0587  7.0417
  784   784   11    10.7053  -10.6006  3.0587  7.0417
  785   785   11     4.5880  -10.5695  3.0587  7.0417
  786   786   11    13.7639  -10.6255  3.0587  7.0417
  787   787   12     1.5365   -3.5216  3.0730  7.0417
  788   788   12    16.9012   -3.6153  3.0730  7.0417
  789   789   12     4.6095   -3.5279  3.0730  7.0417
  790   790   12    13.8284   -3.5841  3.0730  7.0417
  791   791   12     7.6825   -3.5404  3.0730  7.0417
  792   792   12    10.7554   -3.5591  3.0730  7.0417
  793   793    3    22.0804  -67.0642  2.9442  7.0417
  794   794    3    27.9678  -67.1659  2.9442  7.0417
  795   795    2    21.9730  -74.1050  2.9298  7.0417
  796   796    2    27.8318  -74.2063  2.9298  7.0417
  797   797    1    21.8656  -81.1459  2.9155  7.0417
  798   798    1    27.6958  -81.2466  2.9155  7.0417
  799   799    3    19.1365  -67.0223  2.9442  7.0417
  800   800    1    30.6107  -81.3059  2.9155  7.0417
  801   801    1    24.7808  -81.1933  2.9155  7.0417
  802   802    2    30.7610  -74.2659  2.9298  7.0417
  803   803    2    24.9024  -74.1527  2.9298  7.0417
  804   804    3    30.9114  -67.2258  2.9442  7.0417
  805   805    3    25.0241  -67.1121  2.9442  7.0417
  806   806    4    31.0617  -60.1857  2.9585  7.0417
  807   807    4    19.2295  -59.9812  2.9585  7.0417
  808   808    1    33.5255  -81.3711  2.9155  7.0417
  809   809    4    22.1877  -60.0233  2.9585  7.0417
  810   810    2    33.6902  -74.3314  2.9298  7.0417
  811   811    4    25.1458  -60.0715  2.9585  7.0417
  812   812    3    33.8548  -67.2916  2.9442  7.0417
  813   813    4    28.1038  -60.1256  2.9585  7.0417
  814   814    4    34.0194  -60.2519  2.9585  7.0417
  815   815    2    19.0434  -74.0633  2.9298  7.0417
  816   816    5    28.2398  -53.0852  2.9728  7.0417
  817   817    1    18.9504  -81.1044  2.9155  7.0417
  818   818    5    31.2120  -53.1457  2.9728  7.0417
  819   819    5    19.3226  -52.9402  2.9728  7.0417
  820   820    5    34.1840  -53.2121  2.9728  7.0417
  821   821    5    22.2951  -52.9825  2.9728  7.0417
  822   822    6    25.3892  -45.9902  2.9871  7.0417
  823   823    5    25.2675  -53.0308  2.9728  7.0417
  824   824    6    28.3758  -46.0449  2.9871  7.0417
  825   825    6    22.4025  -45.9416  2.9871  7.0417
  826   826    6    31.3623  -46.1056  2.9871  7.0417
  827   827    6    19.4157  -45.8991  2.9871  7.0417
  828   828    6    34.3487  -46.1724  2.9871  7.0417
  829   829    7    19.5087  -38.8581  3.0014  7.0417
  830   830    7    28.5118  -39.0045  3.0014  7.0417
  831   831    7    22.5098  -38.9008  3.0014  7.0417
  832   832    7    31.5126  -39.0655  3.0014  7.0417
  833   833    7    25.5109  -38.9496  3.0014  7.0417
  834   834    7    34.5133  -39.1327  3.0014  7.0417
  835   835    8    19.6018  -31.8170  3.0157  7.0417
  836   836    8    28.6478  -31.9642  3.0157  7.0417
  837   837    8    22.6172  -31.8599  3.0157  7.0417
  838   838    8    31.6629  -32.0255  3.0157  7.0417
  839   839    8    25.6326  -31.9090  3.0157  7.0417
  840   840    8    34.6779  -32.0929  3.0157  7.0417
  841   841    9    22.7246  -24.8191  3.0301  7.0417
  842   842    9    34.8425  -25.0532  3.0301  7.0417
  843   843    9    19.6948  -24.7760  3.0301  7.0417
  844   844    9    31.8132  -24.9854  3.0301  7.0417
  845   845   10    35.0072  -18.0134  3.0444  7.0417
  846   846    9    28.7838  -24.9238  3.0301  7.0417
  847   847   10    25.8759  -17.8278  3.0444  7.0417
  848   848    9    25.7542  -24.8684  3.0301  7.0417
  849   849   10    19.7879  -17.7349  3.0444  7.0417
  850   850   10    31.9635  -17.9454  3.0444  7.0417
  851   851   10    22.8319  -17.7782  3.0444  7.0417
  852   852   11    35.1718  -10.9737  3.0587  7.0417
  853   853   11    25.9976  -10.7871  3.0587  7.0417
  854   854   10    28.9198  -17.8835  3.0444  7.0417
  855   855   11    22.9393  -10.7374  3.0587  7.0417
  856   856   11    32.1138  -10.9053  3.0587  7.0417
  857   857   11    19.8809  -10.6939  3.0587  7.0417
  858   858   11    29.0558  -10.8431  3.0587  7.0417
  859   859   12    26.1193   -3.7465  3.0730  7.0417
  860   860   12    29.1918   -3.8028  3.0730  7.0417
  861   861   12    23.0467   -3.6965  3.0730  7.0417
  862   862   12    32.2642   -3.8652  3.0730  7.0417
  863   863   12    19.9740   -3.6528  3.0730  7.0417
  864   864   12    35.3364   -3.9339  3.0730  7.0417
  865   865   13   -10.8056    3.4824  3.0873  7.0417
  866   866   13    -7.7183    3.5012  3.0873  7.0417
  867   867   13   -13.8928    3.4573  3.0873  7.0417
  868   868   13    -4.6310    3.5138  3.0873  7.0417
  869   869   13   -16.9799    3.4259  3.0873  7.0417
  870   870   13    -1.5437    3.5200  3.0873  7.0417
  871   871   14   -13.9572   10.4987  3.1016  7.0417
  872   872   14    -4.6525   10.5554  3.1016  7.0417
  873   873   14   -10.8557   10.5239  3.1016  7.0417
  874   874   14    -7.7541   10.5428  3.1016  7.0417
  875   875   14   -17.0587   10.4671  3.1016  7.0417
  876   876   14    -1.5508   10.5617  3.1016  7.0417
  877   877   15   -10.9058   17.5654  3.1160  7.0417
  878   878   15    -7.7899   17.5844  3.1160  7.0417
  879   879   15   -14.0216   17.5400  3.1160  7.0417
  880   880   15    -4.6739   17.5970  3.1160  7.0417
  881   881   15   -17.1374   17.5083  3.1160  7.0417
  882   882   15    -1.5580   17.6034  3.1160  7.0417
  883   883   16   -17.2162   24.5496  3.1303  7.0417
  884   884   16    -7.8257   24.6259  3.1303  7.0417
  885   885   16   -10.9559   24.6069  3.1303  7.0417
  886   886   16    -4.6954   24.6387  3.1303  7.0417
  887   887   16   -14.0860   24.5814  3.1303  7.0417
  888   888   16    -1.5651   24.6450  3.1303  7.0417
  889   889   17   -17.2949   31.5908  3.1446  7.0417
  890   890   17    -1.5723   31.6867  3.1446  7.0417
  891   891   17   -14.1505   31.6228  3.1446  7.0417
  892   892   17    -4.7169   31.6803  3.1446  7.0417
  893   893   17   -11.0060   31.6483  3.1446  7.0417
  894   894   17    -7.8614   31.6675  3.1446  7.0417
  895   895   18   -17.3736   38.6320  3.1589  7.0417
  896   896   18    -1.5795   38.7284  3.1589  7.0417
  897   897   19   -17.4524   45.6733  3.1732  7.0417
  898   898   18    -4.7384   38.7219  3.1589  7.0417
  899   899   18   -11.0561   38.6898  3.1589  7.0417
  900   900   18    -7.8972   38.7091  3.1589  7.0417
  901   901   20   -17.5311   52.7145  3.1875  7.0417
  902   902   19    -1.5866   45.7700  3.1732  7.0417
  903   903   18   -14.2149   38.6641  3.1589  7.0417
  904   904   20    -1.5938   52.8117  3.1875  7.0417
  905   905   21   -17.6099   59.7557  3.2019  7.0417
  906   906   21    -1.6009   59.8534  3.2019  7.0417
  907   907   22   -17.6886   66.7969  3.2162  7.0417
  908   908   22    -1.6081   66.8950  3.2162  7.0417
  909   909   23   -17.7673   73.8382  3.2305  7.0417
  910   910   23    -1.6152   73.9367  3.2305  7.0417
  911   911   24   -17.8461   80.8794  3.2448  7.0417
  912   912   24    -1.6224   80.9783  3.2448  7.0417
  913   913   19   -14.2793   45.7055  3.1732  7.0417
  914   914   19    -7.9330   45.7507  3.1732  7.0417
  915   915   19   -11.1062   45.7313  3.1732  7.0417
  916   916   19    -4.7598   45.7636  3.1732  7.0417
  917   917   24   -14.6014   80.9124  3.2448  7.0417
  918   918   23    -4.8457   73.9301  3.2305  7.0417
  919   919   23   -14.5370   73.8710  3.2305  7.0417
  920   920   20    -4.7813   52.8052  3.1875  7.0417
  921   921   22   -14.4726   66.8296  3.2162  7.0417
  922   922   23    -8.0762   73.9170  3.2305  7.0417
  923   923   20   -14.3437   52.7469  3.1875  7.0417
  924   924   22    -4.8243   66.8885  3.2162  7.0417
  925   925   20   -11.1563   52.7728  3.1875  7.0417
  926   926   20    -7.9688   52.7922  3.1875  7.0417
  927   927   24   -11.3567   80.9388  3.2448  7.0417
  928   928   21    -4.8028   59.8468  3.2019  7.0417
  929   929   24    -8.1120   80.9586  3.2448  7.0417
  930   930   22    -8.0404   66.8754  3.2162  7.0417
  931   931   23   -11.3066   73.8973  3.2305  7.0417
  932   932   22   -11.2565   66.8558  3.2162  7.0417
  933   933   24    -4.8672   80.9717  3.2448  7.0417
  934   934   21   -11.2064   59.8143  3.2019  7.0417
  935   935   21   -14.4082   59.7883  3.2019  7.0417
  936   936   21    -8.0046   59.8338  3.2019  7.0417
  937   937   13   -35.5010    3.1058  3.0873  7.0417
  938   938   13   -20.0670    3.3882  3.0873  7.0417
  939   939   13   -32.4145    3.1748  3.0873  7.0417
  940   940   13   -23.1541    3.3443  3.0873  7.0417
  941   941   13   -29.3278    3.2376  3.0873  7.0417
  942   942   13   -26.2410    3.2941  3.0873  7.0417
  943   943   14   -26.3627   10.3347  3.1016  7.0417
  944   944   14   -20.1601   10.4293  3.1016  7.0417
  945   945   14   -32.5648   10.2149  3.1016  7.0417
  946   946   14   -23.2614   10.3851  3.1016  7.0417
  947   947   15   -23.3688   17.4260  3.1160  7.0417
  948   948   14   -29.4638   10.2780  3.1016  7.0417
  949   949   15   -26.4843   17.3753  3.1160  7.0417
  950   950   14   -35.6657   10.1455  3.1016  7.0417
  951   951   15   -32.7151   17.2550  3.1160  7.0417
  952   952   15   -20.2532   17.4703  3.1160  7.0417
  953   953   16   -23.4762   24.4668  3.1303  7.0417
  954   954   15   -29.5998   17.3183  3.1160  7.0417
  955   955   16   -26.6060   24.4159  3.1303  7.0417
  956   956   15   -35.8303   17.1853  3.1160  7.0417
  957   957   16   -32.8654   24.2950  3.1303  7.0417
  958   958   16   -20.3462   24.5114  3.1303  7.0417
  959   959   17   -36.1595   31.2648  3.1446  7.0417
  960   960   16   -29.7358   24.3587  3.1303  7.0417
  961   961   17   -26.7277   31.4565  3.1446  7.0417
  962   962   16   -35.9949   24.2250  3.1303  7.0417
  963   963   17   -33.0157   31.3351  3.1446  7.0417
  964   964   17   -23.5835   31.5077  3.1446  7.0417
  965   965   17   -29.8718   31.3990  3.1446  7.0417
  966   966   17   -20.4393   31.5524  3.1446  7.0417
  967   967   18   -36.3241   38.3045  3.1589  7.0417
  968   968   18   -33.1660   38.3751  3.1589  7.0417
  969   969   18   -30.0078   38.4394  3.1589  7.0417
  970   970   18   -23.6909   38.5485  3.1589  7.0417
  971   971   18   -26.8494   38.4972  3.1589  7.0417
  972   972   18   -20.5323   38.5935  3.1589  7.0417
  973   973   19   -36.4888   45.3442  3.1732  7.0417
  974   974   19   -20.6254   45.6345  3.1732  7.0417
  975   975   19   -33.3163   45.4152  3.1732  7.0417
  976   976   21   -27.2144   59.6190  3.2019  7.0417
  977   977   19   -30.1438   45.4797  3.1732  7.0417
  978   978   21   -24.0130   59.6711  3.2019  7.0417
  979   979   20   -36.6534   52.3840  3.1875  7.0417
  980   980   22   -30.5518   66.6008  3.2162  7.0417
  981   981   20   -33.4667   52.4553  3.1875  7.0417
  982   982   24   -34.0679   80.6155  3.2448  7.0417
  983   983   19   -26.9711   45.5378  3.1732  7.0417
  984   984   23   -30.6878   73.6411  3.2305  7.0417
  985   985   19   -23.7983   45.5894  3.1732  7.0417
  986   986   24   -30.8238   80.6815  3.2448  7.0417
  987   987   20   -30.2798   52.5201  3.1875  7.0417
  988   988   24   -21.0906   80.8398  3.2448  7.0417
  989   989   21   -36.8180   59.4237  3.2019  7.0417
  990   990   23   -20.9976   73.7988  3.2305  7.0417
  991   991   21   -33.6170   59.4953  3.2019  7.0417
  992   992   24   -24.3351   80.7936  3.2448  7.0417
  993   993   22   -36.9826   66.4635  3.2162  7.0417
  994   994   23   -24.2278   73.7528  3.2305  7.0417
  995   995   20   -27.0928   52.5784  3.1875  7.0417
  996   996   20   -20.7184   52.6756  3.1875  7.0417
  997   997   20   -23.9056   52.6302  3.1875  7.0417
  998   998   24   -27.5795   80.7409  3.2448  7.0417
  999   999   22   -33.7673   66.5354  3.2162  7.0417
 1000  1000   22   -20.9045   66.7577  3.2162  7.0417
 1001  1001   23   -37.1473   73.5032  3.2305  7.0417
 1002  1002   22   -27.3361   66.6596  3.2162  7.0417
 1003  1003   24   -37.3119   80.5430  3.2448  7.0417
 1004  1004   23   -27.4578   73.7002  3.2305  7.0417
 1005  1005   21   -30.4158   59.5604  3.2019  7.0417
 1006  1006   22   -24.1204   66.7119  3.2162  7.0417
 1007  1007   23   -33.9176   73.5755  3.2305  7.0417
 1008  1008   21   -20.8115   59.7167  3.2019  7.0417
 1009  1009    3   -27.9678  -67.1659  2.9442  7.0417
 1010  1010    3   -22.0804  -67.0642  2.9442  7.0417
 1011  1011    2   -27.8318  -74.2063  2.9298  7.0417
 1012  1012    2   -21.9730  -74.1050  2.9298  7.0417
 1013  1013    1   -27.6958  -81.2466  2.9155  7.0417
 1014  1014    1   -21.8656  -81.1459  2.9155  7.0417
 1015  1015    1   -30.6107  -81.3059  2.9155  7.0417
 1016  1016    3   -19.1365  -67.0223  2.9442  7.0417
 1017  1017    2   -30.7610  -74.2659  2.9298  7.0417
 1018  1018    1   -24.7808  -81.1933  2.9155  7.0417
 1019  1019    3   -30.9114  -67.2258  2.9442  7.0417
 1020  1020    2   -24.9024  -74.1527  2.9298  7.0417
 1021  1021    4   -31.0617  -60.1857  2.9585  7.0417
 1022  1022    3   -25.0241  -67.1121  2.9442  7.0417
 1023  1023    1   -33.5255  -81.3711  2.9155  7.0417
 1024  1024    4   -19.2295  -59.9812  2.9585  7.0417
 1025  1025    2   -33.6902  -74.3314  2.9298  7.0417
 1026  1026    4   -22.1877  -60.0233  2.9585  7.0417
 1027  1027    3   -33.8548  -67.2916  2.9442  7.0417
 1028  1028    4   -25.1458  -60.0715  2.9585  7.0417
 1029  1029    4   -34.0194  -60.2519  2.9585  7.0417
 1030  1030    4   -28.1038  -60.1256  2.9585  7.0417
 1031  1031    5   -28.2398  -53.0852  2.9728  7.0417
 1032  1032    2   -19.0434  -74.0633  2.9298  7.0417
 1033  1033    5   -31.2120  -53.1457  2.9728  7.0417
 1034  1034    1   -18.9504  -81.1044  2.9155  7.0417
 1035  1035    5   -34.1840  -53.2121  2.9728  7.0417
 1036  1036    5   -19.3226  -52.9402  2.9728  7.0417
 1037  1037    6   -25.3892  -45.9902  2.9871  7.0417
 1038  1038    5   -22.2951  -52.9825  2.9728  7.0417
 1039  1039    6   -28.3758  -46.0449  2.9871  7.0417
 1040  1040    5   -25.2675  -53.0308  2.9728  7.0417
 1041  1041    6   -31.3623  -46.1056  2.9871  7.0417
 1042  1042    6   -22.4025  -45.9416  2.9871  7.0417
 1043  1043    6   -34.3487  -46.1724  2.9871  7.0417
 1044  1044    6   -19.4157  -45.8991  2.9871  7.0417
 1045  1045    7   -28.5118  -39.0045  3.0014  7.0417
 1046  1046    7   -19.5087  -38.8581  3.0014  7.0417
 1047  1047    7   -31.5126  -39.0655  3.0014  7.0417
 1048  1048    7   -22.5098  -38.9008  3.0014  7.0417
 1049  1049    7   -34.5133  -39.1327  3.0014  7.0417
 1050  1050    7   -25.5109  -38.9496  3.0014  7.0417
 1051  1051    8   -28.6478  -31.9642  3.0157  7.0417
 1052  1052    8   -19.6018  -31.8170  3.0157  7.0417
 1053  1053    8   -31.6629  -32.0255  3.0157  7.0417
 1054  1054    8   -22.6172  -31.8599  3.0157  7.0417
 1055  1055    8   -34.6779  -32.0929  3.0157  7.0417
 1056  1056    8   -25.6326  -31.9090  3.0157  7.0417
 1057  1057    9   -34.8425  -25.0532  3.0301  7.0417
 1058  1058    9   -22.7246  -24.8191  3.0301  7.0417
 1059  1059    9   -31.8132  -24.9854  3.0301  7.0417
 1060  1060    9   -19.6948  -24.7760  3.0301  7.0417
 1061  1061    9   -28.7838  -24.9238  3.0301  7.0417
 1062  1062   10   -35.0072  -18.0134  3.0444  7.0417
 1063  1063    9   -25.7542  -24.8684  3.0301  7.0417
 1064  1064   10   -25.8759  -17.8278  3.0444  7.0417
 1065  1065   10   -31.9635  -17.9454  3.0444  7.0417
 1066  1066   10   -19.7879  -17.7349  3.0444  7.0417
 1067  1067   11   -35.1718  -10.9737  3.0587  7.0417
 1068  1068   10   -22.8319  -17.7782  3.0444  7.0417
 1069  1069   10   -28.9198  -17.8835  3.0444  7.0417
 1070  1070   11   -25.9976  -10.7871  3.0587  7.0417
 1071  1071   11   -32.1138  -10.9053  3.0587  7.0417
 1072  1072   11   -22.9393  -10.7374  3.0587  7.0417
 1073  1073   11   -29.0558  -10.8431  3.0587  7.0417
 1074  1074   11   -19.8809  -10.6939  3.0587  7.0417
 1075  1075   12   -29.1918   -3.8028  3.0730  7.0417
 1076  1076   12   -26.1193   -3.7465  3.0730  7.0417
 1077  1077   12   -32.2642   -3.8652  3.0730  7.0417
 1078  1078   12   -23.0467   -3.6965  3.0730  7.0417
 1079  1079   12   -35.3364   -3.9339  3.0730  7.0417
 1080  1080   12   -19.9740   -3.6528  3.0730  7.0417
 1081  1081    4   -13.3130  -59.9151  2.9585  7.0417
 1082  1082    4    -7.3962  -59.8730  2.9585  7.0417
 1083  1083    1    -7.2888  -80.9977  2.9155  7.0417
 1084  1084    4   -10.3546  -59.8910  2.9585  7.0417
 1085  1085    2   -10.2544  -73.9740  2.9298  7.0417
 1086  1086    3   -10.3045  -66.9325  2.9442  7.0417
 1087  1087    1    -4.3733  -80.9858  2.9155  7.0417
 1088  1088    3    -7.3604  -66.9145  2.9442  7.0417
 1089  1089    1   -10.2043  -81.0155  2.9155  7.0417
 1090  1090    4    -4.4377  -59.8609  2.9585  7.0417
 1091  1091    5   -10.4047  -52.8495  2.9728  7.0417
 1092  1092    5    -7.4320  -52.8314  2.9728  7.0417
 1093  1093    5   -13.3774  -52.8737  2.9728  7.0417
 1094  1094    3    -4.4162  -66.9026  2.9442  7.0417
 1095  1095    3   -13.2485  -66.9564  2.9442  7.0417
 1096  1096    2    -7.3246  -73.9561  2.9298  7.0417
 1097  1097    2   -13.1841  -73.9978  2.9298  7.0417
 1098  1098    5    -4.4592  -52.8193  2.9728  7.0417
 1099  1099    1   -13.1197  -81.0392  2.9155  7.0417
 1100  1100    2    -4.3948  -73.9442  2.9298  7.0417
 1101  1101    6   -10.4548  -45.8080  2.9871  7.0417
 1102  1102    6    -4.4807  -45.7777  2.9871  7.0417
 1103  1103    6   -13.4418  -45.8323  2.9871  7.0417
 1104  1104    6    -7.4677  -45.7898  2.9871  7.0417
 1105  1105    1   -16.0351  -81.0688  2.9155  7.0417
 1106  1106    1    -1.4578  -80.9799  2.9155  7.0417
 1107  1107    2   -16.1138  -74.0276  2.9298  7.0417
 1108  1108    2    -1.4649  -73.9382  2.9298  7.0417
 1109  1109    3   -16.1926  -66.9864  2.9442  7.0417
 1110  1110    3    -1.4721  -66.8966  2.9442  7.0417
 1111  1111    5   -16.3500  -52.9039  2.9728  7.0417
 1112  1112    4    -1.4792  -59.8549  2.9585  7.0417
 1113  1113    7   -13.5062  -38.7910  3.0014  7.0417
 1114  1114    5    -1.4864  -52.8133  2.9728  7.0417
 1115  1115    4   -16.2713  -59.9451  2.9585  7.0417
 1116  1116    6    -1.4936  -45.7716  2.9871  7.0417
 1117  1117    7   -10.5049  -38.7665  3.0014  7.0417
 1118  1118    7    -7.5035  -38.7482  3.0014  7.0417
 1119  1119    6   -16.4288  -45.8627  2.9871  7.0417
 1120  1120    7    -4.5021  -38.7360  3.0014  7.0417
 1121  1121    7   -16.5075  -38.8215  3.0014  7.0417
 1122  1122    7    -1.5007  -38.7299  3.0014  7.0417
 1123  1123    8   -10.5550  -31.7251  3.0157  7.0417
 1124  1124    8    -7.5393  -31.7067  3.0157  7.0417
 1125  1125    8   -13.5707  -31.7496  3.0157  7.0417
 1126  1126    8    -4.5236  -31.6944  3.0157  7.0417
 1127  1127    8   -16.5862  -31.7802  3.0157  7.0417
 1128  1128    8    -1.5079  -31.6883  3.0157  7.0417
 1129  1129    9   -10.6051  -24.6836  3.0301  7.0417
 1130  1130    9    -1.5150  -24.6466  3.0301  7.0417
 1131  1131    9   -13.6351  -24.7082  3.0301  7.0417
 1132  1132    9    -4.5451  -24.6528  3.0301  7.0417
 1133  1133    9   -16.6650  -24.7390  3.0301  7.0417
 1134  1134    9    -7.5751  -24.6651  3.0301  7.0417
 1135  1135   10   -16.7437  -17.6978  3.0444  7.0417
 1136  1136   10    -1.5222  -17.6049  3.0444  7.0417
 1137  1137   10   -13.6995  -17.6668  3.0444  7.0417
 1138  1138   10    -4.5666  -17.6111  3.0444  7.0417
 1139  1139   10   -10.6552  -17.6421  3.0444  7.0417
 1140  1140   10    -7.6109  -17.6235  3.0444  7.0417
 1141  1141   11   -16.8225  -10.6566  3.0587  7.0417
 1142  1142   11    -1.5293  -10.5633  3.0587  7.0417
 1143  1143   11   -10.7053  -10.6006  3.0587  7.0417
 1144  1144   11    -7.6467  -10.5819  3.0587  7.0417
 1145  1145   11   -13.7639  -10.6255  3.0587  7.0417
 1146  1146   11    -4.5880  -10.5695  3.0587  7.0417
 1147  1147   12   -16.9012   -3.6153  3.0730  7.0417
 1148  1148   12    -1.5365   -3.5216  3.0730  7.0417
 1149  1149   12   -13.8284   -3.5841  3.0730  7.0417
 1150  1150   12    -4.6095   -3.5279  3.0730  7.0417
 1151  1151   12   -10.7554   -3.5591  3.0730  7.0417
 1152  1152   12    -7.6825   -3.5404  3.0730  7.0417
 1153  1153   13   -41.6737    2.9489  3.0873  7.0417
 1154  1154   13   -38.5874    3.0305  3.0873  7.0417
 1155  1155   14   -41.8669    9.9879  3.1016  7.0417
 1156  1156   14   -38.7664   10.0699  3.1016  7.0417
 1157  1157   14   -44.9673    9.8996  3.1016  7.0417
 1158  1158   13   -44.7598    2.8610  3.0873  7.0417
 1159  1159   14   -48.0675    9.8051  3.1016  7.0417
 1160  1160   13   -47.8456    2.7669  3.0873  7.0417
 1161  1161   14   -51.1675    9.7042  3.1016  7.0417
 1162  1162   13   -50.9313    2.6665  3.0873  7.0417
 1163  1163   14   -54.2673    9.5970  3.1016  7.0417
 1164  1164   13   -54.0168    2.5598  3.0873  7.0417
 1165  1165   15   -42.0602   17.0269  3.1160  7.0417
 1166  1166   15   -38.9453   17.1093  3.1160  7.0417
 1167  1167   15   -48.2894   16.8432  3.1160  7.0417
 1168  1168   15   -45.1749   16.9382  3.1160  7.0417
 1169  1169   15   -54.5178   16.6342  3.1160  7.0417
 1170  1170   15   -51.4037   16.7419  3.1160  7.0417
 1171  1171   16   -42.2534   24.0659  3.1303  7.0417
 1172  1172   16   -39.1242   24.1487  3.1303  7.0417
 1173  1173   16   -48.5113   23.8814  3.1303  7.0417
 1174  1174   16   -45.3824   23.9768  3.1303  7.0417
 1175  1175   16   -54.7683   23.6714  3.1303  7.0417
 1176  1176   16   -51.6399   23.7796  3.1303  7.0417
 1177  1177   17   -51.8761   30.8173  3.1446  7.0417
 1178  1178   17   -55.0188   30.7086  3.1446  7.0417
 1179  1179   17   -45.5900   31.0155  3.1446  7.0417
 1180  1180   17   -48.7331   30.9196  3.1446  7.0417
 1181  1181   17   -42.4467   31.1049  3.1446  7.0417
 1182  1182   17   -39.3032   31.1880  3.1446  7.0417
 1183  1183   18   -52.1122   37.8550  3.1589  7.0417
 1184  1184   18   -55.2693   37.7458  3.1589  7.0417
 1185  1185   18   -45.7976   38.0541  3.1589  7.0417
 1186  1186   18   -48.9550   37.9577  3.1589  7.0417
 1187  1187   18   -42.6399   38.1440  3.1589  7.0417
 1188  1188   18   -39.4821   38.2274  3.1589  7.0417
 1189  1189   19   -55.5197   44.7830  3.1732  7.0417
 1190  1190   19   -52.3484   44.8927  3.1732  7.0417
 1191  1191   19   -49.1769   44.9959  3.1732  7.0417
 1192  1192   19   -46.0051   45.0927  3.1732  7.0417
 1193  1193   19   -42.8332   45.1830  3.1732  7.0417
 1194  1194   20   -55.7702   51.8203  3.1875  7.0417
 1195  1195   20   -52.5846   51.9304  3.1875  7.0417
 1196  1196   20   -49.3987   52.0341  3.1875  7.0417
 1197  1197   20   -46.2127   52.1313  3.1875  7.0417
 1198  1198   19   -39.6611   45.2668  3.1732  7.0417
 1199  1199   24   -50.2862   80.1868  3.2448  7.0417
 1200  1200   24   -43.7994   80.3780  3.2448  7.0417
 1201  1201   24   -56.7722   79.9691  3.2448  7.0417
 1202  1202   24   -40.5557   80.4638  3.2448  7.0417
 1203  1203   20   -43.0264   52.2220  3.1875  7.0417
 1204  1204   24   -47.0429   80.2857  3.2448  7.0417
 1205  1205   21   -56.0207   58.8575  3.2019  7.0417
 1206  1206   24   -53.5293   80.0812  3.2448  7.0417
 1207  1207   21   -52.8208   58.9681  3.2019  7.0417
 1208  1208   23   -40.3768   73.4244  3.2305  7.0417
 1209  1209   21   -49.6206   59.0722  3.2019  7.0417
 1210  1210   23   -43.6062   73.3390  3.2305  7.0417
 1211  1211   20   -39.8400   52.3062  3.1875  7.0417
 1212  1212   23   -46.8354   73.2471  3.2305  7.0417
 1213  1213   21   -46.4202   59.1699  3.2019  7.0417
 1214  1214   22   -56.2712   65.8947  3.2162  7.0417
 1215  1215   21   -43.2197   59.2610  3.2019  7.0417
 1216  1216   22   -53.0569   66.0058  3.2162  7.0417
 1217  1217   22   -49.8425   66.1104  3.2162  7.0417
 1218  1218   22   -46.6278   66.2085  3.2162  7.0417
 1219  1219   22   -43.4129   66.3000  3.2162  7.0417
 1220  1220   22   -40.1979   66.3850  3.2162  7.0417
 1221  1221   21   -40.0189   59.3456  3.2019  7.0417
 1222  1222   23   -53.2931   73.0435  3.2305  7.0417
 1223  1223   23   -56.5217   72.9319  3.2305  7.0417
 1224  1224   23   -50.0643   73.1486  3.2305  7.0417
 1225  1225   13   -72.5246    1.7880  3.0873  7.0417
 1226  1226   13   -57.1021    2.4468  3.0873  7.0417
 1227  1227   13   -69.4406    1.9323  3.0873  7.0417
 1228  1228   13   -60.1871    2.3276  3.0873  7.0417
 1229  1229   13   -66.3564    2.0703  3.0873  7.0417
 1230  1230   13   -63.2719    2.2021  3.0873  7.0417
 1231  1231   14   -60.4662    9.3637  3.1016  7.0417
 1232  1232   14   -57.3669    9.4835  3.1016  7.0417
 1233  1233   14   -66.6641    9.1053  3.1016  7.0417
 1234  1234   14   -63.5653    9.2376  3.1016  7.0417
 1235  1235   14   -72.8609    8.8216  3.1016  7.0417
 1236  1236   14   -69.7626    8.9666  3.1016  7.0417
 1237  1237   15   -57.6317   16.5202  3.1160  7.0417
 1238  1238   15   -60.7453   16.3999  3.1160  7.0417
 1239  1239   15   -66.9718   16.1402  3.1160  7.0417
 1240  1240   15   -63.8587   16.2732  3.1160  7.0417
 1241  1241   15   -73.1972   15.8552  3.1160  7.0417
 1242  1242   15   -70.0847   16.0009  3.1160  7.0417
 1243  1243   16   -61.0244   23.4360  3.1303  7.0417
 1244  1244   16   -57.8965   23.5569  3.1303  7.0417
 1245  1245   16   -67.2795   23.1751  3.1303  7.0417
 1246  1246   16   -64.1521   23.3087  3.1303  7.0417
 1247  1247   16   -73.5335   22.8888  3.1303  7.0417
 1248  1248   16   -70.4067   23.0352  3.1303  7.0417
 1249  1249   17   -61.3035   30.4721  3.1446  7.0417
 1250  1250   17   -58.1613   30.5936  3.1446  7.0417
 1251  1251   17   -64.4455   30.3443  3.1446  7.0417
 1252  1252   17   -67.5872   30.2101  3.1446  7.0417
 1253  1253   17   -70.7287   30.0695  3.1446  7.0417
 1254  1254   17   -73.8698   29.9225  3.1446  7.0417
 1255  1255   18   -74.2061   36.9561  3.1589  7.0417
 1256  1256   18   -71.0507   37.1038  3.1589  7.0417
 1257  1257   18   -67.8949   37.2450  3.1589  7.0417
 1258  1258   18   -64.7389   37.3798  3.1589  7.0417
 1259  1259   18   -61.5826   37.5083  3.1589  7.0417
 1260  1260   18   -58.4260   37.6303  3.1589  7.0417
 1261  1261   19   -74.5424   43.9897  3.1732  7.0417
 1262  1262   19   -71.3727   44.1381  3.1732  7.0417
 1263  1263   19   -68.2026   44.2800  3.1732  7.0417
 1264  1264   19   -65.0323   44.4154  3.1732  7.0417
 1265  1265   19   -61.8617   44.5444  3.1732  7.0417
 1266  1266   19   -58.6908   44.6669  3.1732  7.0417
 1267  1267   20   -74.8788   51.0234  3.1875  7.0417
 1268  1268   22   -65.9125   65.5221  3.2162  7.0417
 1269  1269   20   -71.6947   51.1724  3.1875  7.0417
 1270  1270   22   -62.6990   65.6528  3.2162  7.0417
 1271  1271   20   -68.5103   51.3149  3.1875  7.0417
 1272  1272   22   -59.4852   65.7770  3.2162  7.0417
 1273  1273   20   -65.3257   51.4510  3.1875  7.0417
 1274  1274   23   -75.8877   72.1243  3.2305  7.0417
 1275  1275   20   -62.1408   51.5805  3.1875  7.0417
 1276  1276   23   -72.6607   72.2753  3.2305  7.0417
 1277  1277   20   -58.9556   51.7036  3.1875  7.0417
 1278  1278   23   -69.4335   72.4197  3.2305  7.0417
 1279  1279   21   -75.2151   58.0570  3.2019  7.0417
 1280  1280   23   -66.2059   72.5576  3.2305  7.0417
 1281  1281   21   -72.0167   58.2067  3.2019  7.0417
 1282  1282   23   -62.9781   72.6889  3.2305  7.0417
 1283  1283   21   -68.8180   58.3498  3.2019  7.0417
 1284  1284   23   -59.7500   72.8137  3.2305  7.0417
 1285  1285   21   -65.6191   58.4865  3.2019  7.0417
 1286  1286   24   -76.2240   79.1579  3.2448  7.0417
 1287  1287   21   -62.4199   58.6167  3.2019  7.0417
 1288  1288   24   -60.0148   79.8504  3.2448  7.0417
 1289  1289   21   -59.2204   58.7403  3.2019  7.0417
 1290  1290   24   -63.2572   79.7251  3.2448  7.0417
 1291  1291   22   -75.5514   65.0906  3.2162  7.0417
 1292  1292   24   -66.4993   79.5932  3.2448  7.0417
 1293  1293   22   -72.3387   65.2410  3.2162  7.0417
 1294  1294   24   -69.7412   79.4547  3.2448  7.0417
 1295  1295   22   -69.1258   65.3848  3.2162  7.0417
 1296  1296   24   -72.9827   79.3096  3.2448  7.0417
 1297  1297    4   -57.6752  -60.9976  2.9585  7.0417
 1298  1298    1   -65.5765  -82.4793  2.9155  7.0417
 1299  1299    3   -60.3378  -68.1534  2.9442  7.0417
 1300  1300    1   -62.6639  -82.3490  2.9155  7.0417
 1301  1301    3   -63.2793  -68.2791  2.9442  7.0417
 1302  1302    1   -59.7510  -82.2245  2.9155  7.0417
 1303  1303    4   -60.6312  -61.1179  2.9585  7.0417
 1304  1304    1   -56.8379  -82.1060  2.9155  7.0417
 1305  1305    4   -63.5870  -61.2441  2.9585  7.0417
 1306  1306    1   -53.9246  -81.9934  2.9155  7.0417
 1307  1307    3   -66.2205  -68.4107  2.9442  7.0417
 1308  1308    1   -68.4889  -82.6156  2.9155  7.0417
 1309  1309    3   -69.1615  -68.5484  2.9442  7.0417
 1310  1310    2   -54.1894  -74.9567  2.9298  7.0417
 1311  1311    4   -66.5425  -61.3764  2.9585  7.0417
 1312  1312    2   -57.1170  -75.0699  2.9298  7.0417
 1313  1313    4   -69.4978  -61.5147  2.9585  7.0417
 1314  1314    2   -60.0444  -75.1890  2.9298  7.0417
 1315  1315    5   -57.9543  -53.9615  2.9728  7.0417
 1316  1316    2   -62.9716  -75.3140  2.9298  7.0417
 1317  1317    5   -54.9837  -53.8467  2.9728  7.0417
 1318  1318    2   -65.8985  -75.4450  2.9298  7.0417
 1319  1319    5   -60.9247  -54.0823  2.9728  7.0417
 1320  1320    2   -68.8252  -75.5820  2.9298  7.0417
 1321  1321    5   -63.8947  -54.2092  2.9728  7.0417
 1322  1322    4   -54.7189  -60.8833  2.9585  7.0417
 1323  1323    5   -66.8646  -54.3421  2.9728  7.0417
 1324  1324    3   -54.4542  -67.9200  2.9442  7.0417
 1325  1325    5   -69.8341  -54.4811  2.9728  7.0417
 1326  1326    3   -57.3961  -68.0337  2.9442  7.0417
 1327  1327    6   -61.2181  -47.0468  2.9871  7.0417
 1328  1328    6   -55.2485  -46.8100  2.9871  7.0417
 1329  1329    6   -64.2024  -47.1743  2.9871  7.0417
 1330  1330    6   -58.2334  -46.9253  2.9871  7.0417
 1331  1331    6   -70.1704  -47.4475  2.9871  7.0417
 1332  1332    6   -67.1866  -47.3078  2.9871  7.0417
 1333  1333    7   -58.5125  -39.8892  3.0014  7.0417
 1334  1334    7   -55.5133  -39.7733  3.0014  7.0417
 1335  1335    7   -64.5102  -40.1393  3.0014  7.0417
 1336  1336    7   -61.5115  -40.0112  3.0014  7.0417
 1337  1337    7   -70.5067  -40.4138  3.0014  7.0417
 1338  1338    7   -67.5086  -40.2735  3.0014  7.0417
 1339  1339    8   -67.8306  -33.2392  3.0157  7.0417
 1340  1340    8   -70.8430  -33.3802  3.0157  7.0417
 1341  1341    8   -61.8049  -32.9757  3.0157  7.0417
 1342  1342    8   -64.8179  -33.1044  3.0157  7.0417
 1343  1343    8   -58.7916  -32.8531  3.0157  7.0417
 1344  1344    8   -55.7781  -32.7366  3.0157  7.0417
 1345  1345    9   -71.1793  -26.3466  3.0301  7.0417
 1346  1346    9   -68.1526  -26.2049  3.0301  7.0417
 1347  1347    9   -65.1256  -26.0694  3.0301  7.0417
 1348  1348    9   -62.0983  -25.9401  3.0301  7.0417
 1349  1349    9   -59.0707  -25.8169  3.0301  7.0417
 1350  1350    9   -56.0429  -25.6999  3.0301  7.0417
 1351  1351   10   -71.5157  -19.3129  3.0444  7.0417
 1352  1352   10   -68.4746  -19.1706  3.0444  7.0417
 1353  1353   10   -65.4333  -19.0345  3.0444  7.0417
 1354  1354   10   -62.3917  -18.9046  3.0444  7.0417
 1355  1355   10   -59.3498  -18.7808  3.0444  7.0417
 1356  1356   10   -56.3077  -18.6632  3.0444  7.0417
 1357  1357   11   -71.8520  -12.2793  3.0587  7.0417
 1358  1358   11   -68.7966  -12.1363  3.0587  7.0417
 1359  1359   11   -65.7410  -11.9996  3.0587  7.0417
 1360  1360   11   -62.6851  -11.8690  3.0587  7.0417
 1361  1361   11   -59.6289  -11.7447  3.0587  7.0417
 1362  1362   11   -56.5725  -11.6265  3.0587  7.0417
 1363  1363   12   -66.0487   -4.9646  3.0730  7.0417
 1364  1364   12   -62.9785   -4.8335  3.0730  7.0417
 1365  1365   12   -69.1186   -5.1020  3.0730  7.0417
 1366  1366   12   -59.9080   -4.7085  3.0730  7.0417
 1367  1367   12   -72.1883   -5.2457  3.0730  7.0417
 1368  1368   12   -56.8373   -4.5899  3.0730  7.0417
 1369  1369    3   -36.7981  -67.3635  2.9442  7.0417
 1370  1370    2   -51.2615  -74.8495  2.9298  7.0417
 1371  1371    3   -39.7412  -67.4413  2.9442  7.0417
 1372  1372    2   -48.3334  -74.7483  2.9298  7.0417
 1373  1373    3   -42.6842  -67.5250  2.9442  7.0417
 1374  1374    2   -45.4051  -74.6530  2.9298  7.0417
 1375  1375    3   -45.6270  -67.6148  2.9442  7.0417
 1376  1376    2   -42.4766  -74.5637  2.9298  7.0417
 1377  1377    3   -48.5696  -67.7106  2.9442  7.0417
 1378  1378    2   -39.5479  -74.4803  2.9298  7.0417
 1379  1379    3   -51.5120  -67.8123  2.9442  7.0417
 1380  1380    2   -36.6191  -74.4028  2.9298  7.0417
 1381  1381    4   -39.9344  -60.4022  2.9585  7.0417
 1382  1382    4   -36.9770  -60.3241  2.9585  7.0417
 1383  1383    4   -42.8917  -60.4864  2.9585  7.0417
 1384  1384    1   -51.0110  -81.8867  2.9155  7.0417
 1385  1385    4   -45.8488  -60.5766  2.9585  7.0417
 1386  1386    1   -48.0972  -81.7860  2.9155  7.0417
 1387  1387    4   -48.8057  -60.6729  2.9585  7.0417
 1388  1388    1   -45.1832  -81.6912  2.9155  7.0417
 1389  1389    4   -51.7624  -60.7751  2.9585  7.0417
 1390  1390    1   -42.2690  -81.6023  2.9155  7.0417
 1391  1391    5   -40.1277  -53.3632  2.9728  7.0417
 1392  1392    1   -39.3547  -81.5193  2.9155  7.0417
 1393  1393    5   -46.0707  -53.5385  2.9728  7.0417
 1394  1394    1   -36.4402  -81.4422  2.9155  7.0417
 1395  1395    5   -49.0419  -53.6352  2.9728  7.0417
 1396  1396    5   -37.1559  -53.2847  2.9728  7.0417
 1397  1397    5   -52.0129  -53.7379  2.9728  7.0417
 1398  1398    5   -43.0993  -53.4478  2.9728  7.0417
 1399  1399    6   -40.3209  -46.3242  2.9871  7.0417
 1400  1400    6   -37.3349  -46.2453  2.9871  7.0417
 1401  1401    6   -46.2926  -46.5003  2.9871  7.0417
 1402  1402    6   -43.3068  -46.4092  2.9871  7.0417
 1403  1403    6   -52.2634  -46.7007  2.9871  7.0417
 1404  1404    6   -49.2781  -46.5975  2.9871  7.0417
 1405  1405    7   -40.5142  -39.2852  3.0014  7.0417
 1406  1406    7   -37.5138  -39.2059  3.0014  7.0417
 1407  1407    7   -43.5144  -39.3706  3.0014  7.0417
 1408  1408    7   -46.5144  -39.4621  3.0014  7.0417
 1409  1409    7   -49.5143  -39.5598  3.0014  7.0417
 1410  1410    7   -52.5139  -39.6635  3.0014  7.0417
 1411  1411    8   -40.7074  -32.2462  3.0157  7.0417
 1412  1412    8   -37.6927  -32.1665  3.0157  7.0417
 1413  1413    8   -43.7220  -32.3320  3.0157  7.0417
 1414  1414    8   -46.7363  -32.4240  3.0157  7.0417
 1415  1415    8   -49.7504  -32.5221  3.0157  7.0417
 1416  1416    8   -52.7644  -32.6263  3.0157  7.0417
 1417  1417    9   -53.0149  -25.5891  3.0301  7.0417
 1418  1418    9   -49.9866  -25.4843  3.0301  7.0417
 1419  1419    9   -46.9582  -25.3858  3.0301  7.0417
 1420  1420    9   -43.9295  -25.2934  3.0301  7.0417
 1421  1421    9   -40.9007  -25.2072  3.0301  7.0417
 1422  1422    9   -37.8717  -25.1271  3.0301  7.0417
 1423  1423   10   -53.2654  -18.5518  3.0444  7.0417
 1424  1424   10   -50.2228  -18.4466  3.0444  7.0417
 1425  1425   10   -47.1800  -18.3476  3.0444  7.0417
 1426  1426   10   -44.1371  -18.2548  3.0444  7.0417
 1427  1427   10   -41.0939  -18.1682  3.0444  7.0417
 1428  1428   10   -38.0506  -18.0877  3.0444  7.0417
 1429  1429   11   -53.5159  -11.5146  3.0587  7.0417
 1430  1430   12   -53.7663   -4.4774  3.0730  7.0417
 1431  1431   11   -50.4590  -11.4089  3.0587  7.0417
 1432  1432   12   -50.6952   -4.3712  3.0730  7.0417
 1433  1433   11   -47.4019  -11.3095  3.0587  7.0417
 1434  1434   12   -47.6238   -4.2713  3.0730  7.0417
 1435  1435   11   -44.3446  -11.2162  3.0587  7.0417
 1436  1436   12   -44.5522   -4.1776  3.0730  7.0417
 1437  1437   11   -41.2872  -11.1291  3.0587  7.0417
 1438  1438   11   -38.2296  -11.0483  3.0587  7.0417
 1439  1439   12   -41.4804   -4.0901  3.0730  7.0417
 1440  1440   12   -38.4085   -4.0089  3.0730  7.0417
 1441  1441   13   -78.6916    1.4805  3.0873  7.0417
 1442  1442   13   -75.6082    1.6374  3.0873  7.0417
 1443  1443   13   -84.8573    1.1480  3.0873  7.0417
 1444  1444   13   -81.7746    1.3174  3.0873  7.0417
 1445  1445   13   -91.0216    0.7904  3.0873  7.0417
 1446  1446   13   -87.9396    0.9723  3.0873  7.0417
 1447  1447   14   -79.0565    8.5127  3.1016  7.0417
 1448  1448   14   -75.9588    8.6703  3.1016  7.0417
 1449  1449   14   -85.2508    8.1787  3.1016  7.0417
 1450  1450   14   -82.1538    8.3488  3.1016  7.0417
 1451  1451   15   -79.4214   15.5449  3.1160  7.0417
 1452  1452   14   -88.3474    8.0022  3.1016  7.0417
 1453  1453   14   -91.4436    7.8194  3.1016  7.0417
 1454  1454   15   -76.3095   15.7032  3.1160  7.0417
 1455  1455   15   -85.6443   15.2093  3.1160  7.0417
 1456  1456   15   -82.5330   15.3803  3.1160  7.0417
 1457  1457   15   -91.8657   14.8484  3.1160  7.0417
 1458  1458   15   -88.7552   15.0320  3.1160  7.0417
 1459  1459   16   -79.7863   22.5771  3.1303  7.0417
 1460  1460   16   -76.6601   22.7362  3.1303  7.0417
 1461  1461   16   -86.0378   22.2400  3.1303  7.0417
 1462  1462   16   -82.9122   22.4117  3.1303  7.0417
 1463  1463   16   -92.2878   21.8774  3.1303  7.0417
 1464  1464   16   -89.1630   22.0619  3.1303  7.0417
 1465  1465   17   -80.1512   29.6093  3.1446  7.0417
 1466  1466   17   -77.0107   29.7691  3.1446  7.0417
 1467  1467   17   -86.4313   29.2707  3.1446  7.0417
 1468  1468   17   -83.2914   29.4432  3.1446  7.0417
 1469  1469   17   -92.7099   28.9064  3.1446  7.0417
 1470  1470   17   -89.5708   29.0917  3.1446  7.0417
 1471  1471   18   -89.9786   36.1216  3.1589  7.0417
 1472  1472   18   -93.1320   35.9354  3.1589  7.0417
 1473  1473   18   -80.5161   36.6415  3.1589  7.0417
 1474  1474   18   -83.6706   36.4746  3.1589  7.0417
 1475  1475   18   -86.8248   36.3013  3.1589  7.0417
 1476  1476   18   -77.3613   36.8020  3.1589  7.0417
 1477  1477   19   -90.3863   43.1514  3.1732  7.0417
 1478  1478   19   -93.5541   42.9645  3.1732  7.0417
 1479  1479   19   -84.0498   43.5061  3.1732  7.0417
 1480  1480   19   -87.2183   43.3320  3.1732  7.0417
 1481  1481   20   -90.7941   50.1813  3.1875  7.0417
 1482  1482   20   -93.9761   49.9935  3.1875  7.0417
 1483  1483   19   -77.7119   43.8350  3.1732  7.0417
 1484  1484   19   -80.8810   43.6737  3.1732  7.0417
 1485  1485   20   -84.4290   50.5375  3.1875  7.0417
 1486  1486   20   -87.6118   50.3626  3.1875  7.0417
 1487  1487   21   -84.8082   57.5690  3.2019  7.0417
 1488  1488   21   -88.0053   57.3933  3.2019  7.0417
 1489  1489   20   -78.0625   50.8679  3.1875  7.0417
 1490  1490   20   -81.2459   50.7060  3.1875  7.0417
 1491  1491   21   -94.3982   57.0225  3.2019  7.0417
 1492  1492   21   -91.2019   57.2111  3.2019  7.0417
 1493  1493   21   -78.4131   57.9008  3.2019  7.0417
 1494  1494   21   -81.6108   57.7382  3.2019  7.0417
 1495  1495   22   -91.6097   64.2410  3.2162  7.0417
 1496  1496   22   -94.8203   64.0515  3.2162  7.0417
 1497  1497   22   -85.1874   64.6004  3.2162  7.0417
 1498  1498   22   -88.3988   64.4240  3.2162  7.0417
 1499  1499   22   -78.7637   64.9338  3.2162  7.0417
 1500  1500   22   -81.9757   64.7704  3.2162  7.0417
 1501  1501   23   -92.0175   71.2708  3.2305  7.0417
 1502  1502   23   -95.2424   71.0805  3.2305  7.0417
 1503  1503   23   -85.5666   71.6319  3.2305  7.0417
 1504  1504   23   -88.7923   71.4546  3.2305  7.0417
 1505  1505   23   -79.1143   71.9667  3.2305  7.0417
 1506  1506   23   -82.3407   71.8026  3.2305  7.0417
 1507  1507   24   -82.7056   78.8348  3.2448  7.0417
 1508  1508   24   -79.4649   78.9996  3.2448  7.0417
 1509  1509   24   -89.1858   78.4853  3.2448  7.0417
 1510  1510   24   -85.9458   78.6633  3.2448  7.0417
 1511  1511   24   -95.6645   78.1095  3.2448  7.0417
 1512  1512   24   -92.4253   78.3007  3.2448  7.0417
 1513  1513   13   -94.1031    0.6022  3.0873  7.0417
 1514  1514   13   -97.1843    0.4078  3.0873  7.0417
 1515  1515   13  -100.2651    0.2071  3.0873  7.0417
 1516  1516   13  -103.3455    0.0001  3.0873  7.0417
 1517  1517   13  -106.4255   -0.2132  3.0873  7.0417
 1518  1518   13  -109.5050   -0.4327  3.0873  7.0417
 1519  1519   14   -94.5395    7.6304  3.1016  7.0417
 1520  1520   14   -97.6350    7.4350  3.1016  7.0417
 1521  1521   14  -100.7301    7.2334  3.1016  7.0417
 1522  1522   14  -103.8247    7.0254  3.1016  7.0417
 1523  1523   14  -106.9190    6.8112  3.1016  7.0417
 1524  1524   14  -110.0128    6.5907  3.1016  7.0417
 1525  1525   15   -94.9759   14.6585  3.1160  7.0417
 1526  1526   15   -98.0857   14.4622  3.1160  7.0417
 1527  1527   15  -101.1950   14.2597  3.1160  7.0417
 1528  1528   15  -104.3040   14.0508  3.1160  7.0417
 1529  1529   15  -107.4125   13.8355  3.1160  7.0417
 1530  1530   15  -110.5206   13.6140  3.1160  7.0417
 1531  1531   16   -95.4123   21.6866  3.1303  7.0417
 1532  1532   16   -98.5363   21.4895  3.1303  7.0417
 1533  1533   16  -101.6600   21.2860  3.1303  7.0417
 1534  1534   16  -104.7832   21.0761  3.1303  7.0417
 1535  1535   16  -107.9060   20.8599  3.1303  7.0417
 1536  1536   16  -111.0284   20.6373  3.1303  7.0417
 1537  1537   17   -95.8486   28.7148  3.1446  7.0417
 1538  1538   17   -98.9870   28.5167  3.1446  7.0417
 1539  1539   17  -102.1249   28.3123  3.1446  7.0417
 1540  1540   17  -105.2624   28.1014  3.1446  7.0417
 1541  1541   17  -108.3995   27.8842  3.1446  7.0417
 1542  1542   17  -111.5362   27.6607  3.1446  7.0417
 1543  1543   18   -96.2850   35.7429  3.1589  7.0417
 1544  1544   18   -99.4376   35.5439  3.1589  7.0417
 1545  1545   18  -102.5899   35.3386  3.1589  7.0417
 1546  1546   18  -105.7417   35.1268  3.1589  7.0417
 1547  1547   18  -108.8930   34.9086  3.1589  7.0417
 1548  1548   18  -112.0440   34.6840  3.1589  7.0417
 1549  1549   19  -112.5517   41.7073  3.1732  7.0417
 1550  1550   19  -109.3866   41.9329  3.1732  7.0417
 1551  1551   19  -106.2209   42.1521  3.1732  7.0417
 1552  1552   19  -103.0548   42.3649  3.1732  7.0417
 1553  1553   19   -99.8883   42.5712  3.1732  7.0417
 1554  1554   19   -96.7214   42.7710  3.1732  7.0417
 1555  1555   20  -113.0595   48.7307  3.1875  7.0417
 1556  1556   20  -109.8801   48.9573  3.1875  7.0417
 1557  1557   20  -106.7001   49.1775  3.1875  7.0417
 1558  1558   20  -103.5198   49.3912  3.1875  7.0417
 1559  1559   20  -100.3390   49.5984  3.1875  7.0417
 1560  1560   20   -97.1578   49.7992  3.1875  7.0417
 1561  1561   21  -113.5673   55.7540  3.2019  7.0417
 1562  1562   21  -110.3736   55.9816  3.2019  7.0417
 1563  1563   21  -107.1794   56.2028  3.2019  7.0417
 1564  1564   21  -103.9847   56.4175  3.2019  7.0417
 1565  1565   21  -100.7896   56.6256  3.2019  7.0417
 1566  1566   21   -97.5941   56.8273  3.2019  7.0417
 1567  1567   22  -114.0751   62.7773  3.2162  7.0417
 1568  1568   22  -110.8671   63.0060  3.2162  7.0417
 1569  1569   22  -107.6586   63.2281  3.2162  7.0417
 1570  1570   22  -104.4497   63.4438  3.2162  7.0417
 1571  1571   22  -101.2403   63.6529  3.2162  7.0417
 1572  1572   22   -98.0305   63.8554  3.2162  7.0417
 1573  1573   23  -114.5829   69.8007  3.2305  7.0417
 1574  1574   23  -111.3606   70.0303  3.2305  7.0417
 1575  1575   23  -108.1378   70.2535  3.2305  7.0417
 1576  1576   23  -104.9146   70.4701  3.2305  7.0417
 1577  1577   23  -101.6910   70.6801  3.2305  7.0417
 1578  1578   23   -98.4669   70.8836  3.2305  7.0417
 1579  1579   24  -115.0907   76.8240  3.2448  7.0417
 1580  1580   24  -111.8541   77.0547  3.2448  7.0417
 1581  1581   24  -108.6171   77.2788  3.2448  7.0417
 1582  1582   24  -105.3796   77.4964  3.2448  7.0417
 1583  1583   24  -102.1416   77.7073  3.2448  7.0417
 1584  1584   24   -98.9033   77.9117  3.2448  7.0417
 1585  1585    2  -103.9192  -77.6893  2.9298  7.0417
 1586  1586    1   -88.8666  -83.7354  2.9155  7.0417
 1587  1587    2  -100.9968  -77.4810  2.9298  7.0417
 1588  1588    1   -91.7764  -83.9190  2.9155  7.0417
 1589  1589    2   -98.0740  -77.2787  2.9298  7.0417
 1590  1590    1   -94.6857  -84.1085  2.9155  7.0417
 1591  1591    2   -95.1507  -77.0822  2.9298  7.0417
 1592  1592    1   -97.5947  -84.3040  2.9155  7.0417
 1593  1593    2   -92.2271  -76.8918  2.9298  7.0417
 1594  1594    1  -100.5033  -84.5054  2.9155  7.0417
 1595  1595    2   -89.3030  -76.7072  2.9298  7.0417
 1596  1596    1  -103.4114  -84.7127  2.9155  7.0417
 1597  1597    3   -92.6777  -69.8645  2.9442  7.0417
 1598  1598    3   -89.7394  -69.6791  2.9442  7.0417
 1599  1599    3   -98.5532  -70.2533  2.9442  7.0417
 1600  1600    3   -95.6156  -70.0559  2.9442  7.0417
 1601  1601    3  -104.4270  -70.6660  2.9442  7.0417
 1602  1602    3  -101.4903  -70.4567  2.9442  7.0417
 1603  1603    4   -90.1758  -62.6510  2.9585  7.0417
 1604  1604    5   -90.6121  -55.6228  2.9728  7.0417
 1605  1605    4   -96.0806  -63.0296  2.9585  7.0417
 1606  1606    4   -93.1284  -62.8373  2.9585  7.0417
 1607  1607    4  -101.9838  -63.4323  2.9585  7.0417
 1608  1608    4   -99.0324  -63.2280  2.9585  7.0417
 1609  1609    5   -93.5790  -55.8101  2.9728  7.0417
 1610  1610    4  -104.9348  -63.6427  2.9585  7.0417
 1611  1611    5   -99.5116  -56.2026  2.9728  7.0417
 1612  1612    5   -96.5455  -56.0033  2.9728  7.0417
 1613  1613    5  -102.4773  -56.4080  2.9728  7.0417
 1614  1614    6   -91.0485  -48.5947  2.9871  7.0417
 1615  1615    6   -94.0297  -48.7828  2.9871  7.0417
 1616  1616    5  -105.4426  -56.6193  2.9728  7.0417
 1617  1617    6   -99.9909  -49.1773  2.9871  7.0417
 1618  1618    6   -97.0105  -48.9770  2.9871  7.0417
 1619  1619    6  -105.9504  -49.5960  2.9871  7.0417
 1620  1620    6  -102.9709  -49.3836  2.9871  7.0417
 1621  1621    7   -94.4804  -41.7556  3.0014  7.0417
 1622  1622    7   -91.4849  -41.5666  3.0014  7.0417
 1623  1623    7  -100.4701  -42.1520  3.0014  7.0417
 1624  1624    7   -97.4754  -41.9507  3.0014  7.0417
 1625  1625    7  -106.4582  -42.5727  3.0014  7.0417
 1626  1626    7  -103.4644  -42.3593  3.0014  7.0417
 1627  1627    8  -103.9579  -35.3349  3.0157  7.0417
 1628  1628    8  -106.9660  -35.5493  3.0157  7.0417
 1629  1629    8   -97.9404  -34.9244  3.0157  7.0417
 1630  1630    8  -100.9493  -35.1266  3.0157  7.0417
 1631  1631    8   -91.9213  -34.5384  3.0157  7.0417
 1632  1632    8   -94.9310  -34.7284  3.0157  7.0417
 1633  1633    9  -104.4514  -28.3106  3.0301  7.0417
 1634  1634    9  -107.4738  -28.5260  3.0301  7.0417
 1635  1635    9   -98.4053  -27.8981  3.0301  7.0417
 1636  1636    9  -101.4286  -28.1013  3.0301  7.0417
 1637  1637    9   -92.3576  -27.5103  3.0301  7.0417
 1638  1638    9   -95.3817  -27.7011  3.0301  7.0417
 1639  1639   10  -104.9449  -21.2862  3.0444  7.0417
 1640  1640   10  -107.9816  -21.5027  3.0444  7.0417
 1641  1641   10   -98.8703  -20.8718  3.0444  7.0417
 1642  1642   10  -101.9078  -21.0759  3.0444  7.0417
 1643  1643   10   -92.7940  -20.4822  3.0444  7.0417
 1644  1644   10   -95.8323  -20.6739  3.0444  7.0417
 1645  1645   11  -105.4384  -14.2619  3.0587  7.0417
 1646  1646   11  -108.4894  -14.4793  3.0587  7.0417
 1647  1647   11   -99.3352  -13.8455  3.0587  7.0417
 1648  1648   11  -102.3870  -14.0506  3.0587  7.0417
 1649  1649   11   -93.2304  -13.4540  3.0587  7.0417
 1650  1650   11   -96.2830  -13.6467  3.0587  7.0417
 1651  1651   12  -105.9319   -7.2375  3.0730  7.0417
 1652  1652   12  -108.9972   -7.4560  3.0730  7.0417
 1653  1653   12   -99.8002   -6.8192  3.0730  7.0417
 1654  1654   12  -102.8663   -7.0253  3.0730  7.0417
 1655  1655   12   -93.6668   -6.4259  3.0730  7.0417
 1656  1656   12   -96.7337   -6.6195  3.0730  7.0417
 1657  1657    2   -86.3786  -76.5286  2.9298  7.0417
 1658  1658    1   -85.9565  -83.5576  2.9155  7.0417
 1659  1659    2   -83.4539  -76.3560  2.9298  7.0417
 1660  1660    1   -83.0461  -83.3858  2.9155  7.0417
 1661  1661    2   -80.5288  -76.1893  2.9298  7.0417
 1662  1662    1   -80.1353  -83.2200  2.9155  7.0417
 1663  1663    2   -77.6033  -76.0285  2.9298  7.0417
 1664  1664    1   -77.2241  -83.0600  2.9155  7.0417
 1665  1665    2   -74.6776  -75.8737  2.9298  7.0417
 1666  1666    1   -74.3127  -82.9059  2.9155  7.0417
 1667  1667    2   -71.7515  -75.7249  2.9298  7.0417
 1668  1668    1   -71.4009  -82.7578  2.9155  7.0417
 1669  1669    3   -72.1021  -68.6920  2.9442  7.0417
 1670  1670    3   -75.0425  -68.8415  2.9442  7.0417
 1671  1671    3   -77.9825  -68.9971  2.9442  7.0417
 1672  1672    4   -72.4527  -61.6590  2.9585  7.0417
 1673  1673    5   -72.8034  -54.6261  2.9728  7.0417
 1674  1674    5   -75.7723  -54.7771  2.9728  7.0417
 1675  1675    3   -80.9223  -69.1586  2.9442  7.0417
 1676  1676    3   -83.8617  -69.3261  2.9442  7.0417
 1677  1677    3   -86.8007  -69.4996  2.9442  7.0417
 1678  1678    4   -75.4074  -61.8093  2.9585  7.0417
 1679  1679    4   -78.3618  -61.9656  2.9585  7.0417
 1680  1680    6   -73.1540  -47.5932  2.9871  7.0417
 1681  1681    6   -76.1372  -47.7449  2.9871  7.0417
 1682  1682    6   -79.1202  -47.9027  2.9871  7.0417
 1683  1683    5   -78.7410  -54.9342  2.9728  7.0417
 1684  1684    4   -81.3158  -62.1280  2.9585  7.0417
 1685  1685    5   -81.7093  -55.0973  2.9728  7.0417
 1686  1686    6   -82.1028  -48.0666  2.9871  7.0417
 1687  1687    4   -84.2695  -62.2963  2.9585  7.0417
 1688  1688    5   -84.6773  -55.2664  2.9728  7.0417
 1689  1689    6   -85.0850  -48.2366  2.9871  7.0417
 1690  1690    4   -87.2228  -62.4706  2.9585  7.0417
 1691  1691    5   -87.6449  -55.4416  2.9728  7.0417
 1692  1692    6   -88.0670  -48.4126  2.9871  7.0417
 1693  1693    7   -73.5046  -40.5602  3.0014  7.0417
 1694  1694    7   -76.5021  -40.7127  3.0014  7.0417
 1695  1695    7   -79.4994  -40.8713  3.0014  7.0417
 1696  1696    7   -82.4963  -41.0360  3.0014  7.0417
 1697  1697    7   -85.4928  -41.2067  3.0014  7.0417
 1698  1698    7   -88.4890  -41.3836  3.0014  7.0417
 1699  1699    8   -73.8552  -33.5273  3.0157  7.0417
 1700  1700    8   -76.8670  -33.6805  3.0157  7.0417
 1701  1701    8   -79.8786  -33.8399  3.0157  7.0417
 1702  1702    8   -82.8898  -34.0053  3.0157  7.0417
 1703  1703    8   -85.9006  -34.1769  3.0157  7.0417
 1704  1704    8   -88.9111  -34.3546  3.0157  7.0417
 1705  1705    9   -89.3332  -27.3256  3.0301  7.0417
 1706  1706    9   -86.3084  -27.1471  3.0301  7.0417
 1707  1707    9   -83.2833  -26.9747  3.0301  7.0417
 1708  1708    9   -80.2578  -26.8084  3.0301  7.0417
 1709  1709    9   -77.2319  -26.6483  3.0301  7.0417
 1710  1710    9   -74.2058  -26.4944  3.0301  7.0417
 1711  1711   10   -89.7553  -20.2966  3.0444  7.0417
 1712  1712   10   -86.7162  -20.1172  3.0444  7.0417
 1713  1713   10   -83.6768  -19.9440  3.0444  7.0417
 1714  1714   10   -80.6370  -19.7770  3.0444  7.0417
 1715  1715   10   -77.5969  -19.6161  3.0444  7.0417
 1716  1716   10   -74.5564  -19.4614  3.0444  7.0417
 1717  1717   11   -90.1774  -13.2676  3.0587  7.0417
 1718  1718   11   -87.1240  -13.0874  3.0587  7.0417
 1719  1719   11   -84.0703  -12.9133  3.0587  7.0417
 1720  1720   11   -81.0162  -12.7455  3.0587  7.0417
 1721  1721   11   -77.9618  -12.5839  3.0587  7.0417
 1722  1722   11   -74.9070  -12.4285  3.0587  7.0417
 1723  1723   12   -90.5995   -6.2386  3.0730  7.0417
 1724  1724   12   -87.5318   -6.0575  3.0730  7.0417
 1725  1725   12   -84.4638   -5.8827  3.0730  7.0417
 1726  1726   12   -81.3954   -5.7141  3.0730  7.0417
 1727  1727   12   -78.3267   -5.5517  3.0730  7.0417
 1728  1728   12   -75.2576   -5.3956  3.0730  7.0417
