   0   0       0    1595
   0   1       1    1593
   0   2       2    1591
   0   3       3    1589
   0   4       4    1587
   0   5       5    1585
   0   6       6    1657
   0   7       7    1659
   0   8       8    1661
   0   9       9    1663
   0  10      10    1665
   0  11      11    1667
   0  12      12    1307
   0  13      13    1297
   0  14      14    1299
   0  15      15    1301
   0  16      16    1303
   0  17      17    1305
   0  18      18    1383
   0  19      19    1385
   0  20      20    1387
   0  21      21    1389
   0  22      22    1391
   0  23      23    1393
   0  24      24    1022
   0  25      25    1014
   0  26      26    1012
   0  27      27    1017
   0  28      28    1013
   0  29      29    1033
   0  30      30    1104
   0  31      31    1098
   0  32      32    1088
   0  33      33    1082
   0  34      34    1086
   0  35      35    1105
   0  36      36     744
   0  37      37     727
   0  38      38     723
   0  39      39     729
   0  40      40     739
   0  41      41     745
   0  42      42     816
   0  43      43     796
   0  44      44     800
   0  45      45     797
   0  46      46     799
   0  47      47     807
   0  48      48     456
   0  49      49     454
   0  50      50     452
   0  51      51     450
   0  52      52     448
   0  53      53     446
   0  54      54     512
   0  55      55     510
   0  56      56     508
   0  57      57     506
   0  58      58     504
   0  59      59     514
   0  60      60     154
   0  61      61     152
   0  62      62     150
   0  63      63     148
   0  64      64     146
   0  65      65     144
   0  66      66     216
   0  67      67     218
   0  68      68     220
   0  69      69     222
   0  70      70     224
   0  71      71     226
   1   0      72    1584
   1   1      73    1586
   1   2      74    1588
   1   3      75    1590
   1   4      76    1592
   1   5      77    1594
   1   6      78    1656
   1   7      79    1658
   1   8      80    1660
   1   9      81    1662
   1  10      82    1664
   1  11      83    1666
   1  12      84    1319
   1  13      85    1317
   1  14      86    1315
   1  15      87    1313
   1  16      88    1311
   1  17      89    1309
   1  18      90    1369
   1  19      91    1371
   1  20      92    1373
   1  21      93    1375
   1  22      94    1377
   1  23      95    1379
   1  24      96    1024
   1  25      97    1016
   1  26      98    1010
   1  27      99    1019
   1  28     100    1011
   1  29     101    1031
   1  30     102    1106
   1  31     103    1096
   1  32     104    1084
   1  33     105    1095
   1  34     106    1099
   1  35     107    1107
   1  36     108     746
   1  37     109     738
   1  38     110     734
   1  39     111     725
   1  40     112     737
   1  41     113     747
   1  42     114     814
   1  43     115     794
   1  44     116     802
   1  45     117     795
   1  46     118     801
   1  47     119     809
   1  48     120     442
   1  49     121     440
   1  50     122     438
   1  51     123     436
   1  52     124     434
   1  53     125     432
   1  54     126     516
   1  55     127     518
   1  56     128     520
   1  57     129     522
   1  58     130     524
   1  59     131     526
   1  60     132     155
   1  61     133     153
   1  62     134     151
   1  63     135     149
   1  64     136     147
   1  65     137     145
   1  66     138     227
   1  67     139     225
   1  68     140     223
   1  69     141     221
   1  70     142     219
   1  71     143     217
   2   0     144    1600
   2   1     145    1601
   2   2     146    1598
   2   3     147    1599
   2   4     148    1596
   2   5     149    1597
   2   6     150    1676
   2   7     151    1675
   2   8     152    1674
   2   9     153    1670
   2  10     154    1669
   2  11     155    1668
   2  12     156    1308
   2  13     157    1306
   2  14     158    1300
   2  15     159    1298
   2  16     160    1325
   2  17     161    1323
   2  18     162    1378
   2  19     163    1376
   2  20     164    1374
   2  21     165    1372
   2  22     166    1370
   2  23     167    1368
   2  24     168    1026
   2  25     169    1018
   2  26     170    1008
   2  27     171    1021
   2  28     172    1009
   2  29     173    1015
   2  30     174    1108
   2  31     175    1094
   2  32     176    1085
   2  33     177    1087
   2  34     178    1093
   2  35     179    1109
   2  36     180     748
   2  37     181     732
   2  38     182     726
   2  39     183     724
   2  40     184     735
   2  41     185     749
   2  42     186     798
   2  43     187     792
   2  44     188     804
   2  45     189     793
   2  46     190     803
   2  47     191     811
   2  48     192     433
   2  49     193     435
   2  50     194     437
   2  51     195     439
   2  52     196     441
   2  53     197     443
   2  54     198     530
   2  55     199     532
   2  56     200     507
   2  57     201     509
   2  58     202     515
   2  59     203     517
   2  60     204     157
   2  61     205     156
   2  62     206     159
   2  63     207     163
   2  64     208     162
   2  65     209     165
   2  66     210     228
   2  67     211     229
   2  68     212     230
   2  69     213     231
   2  70     214     232
   2  71     215     233
   3   0     216    1609
   3   1     217    1606
   3   2     218    1607
   3   3     219    1604
   3   4     220    1605
   3   5     221    1602
   3   6     222    1689
   3   7     223    1686
   3   8     224    1683
   3   9     225    1678
   3  10     226    1677
   3  11     227    1671
   3  12     228    1312
   3  13     229    1310
   3  14     230    1304
   3  15     231    1302
   3  16     232    1296
   3  17     233    1321
   3  18     234    1388
   3  19     235    1386
   3  20     236    1384
   3  21     237    1382
   3  22     238    1380
   3  23     239    1381
   3  24     240    1028
   3  25     241    1020
   3  26     242    1029
   3  27     243    1027
   3  28     244    1025
   3  29     245    1023
   3  30     246    1114
   3  31     247    1080
   3  32     248    1083
   3  33     249    1081
   3  34     250    1089
   3  35     251    1111
   3  36     252     750
   3  37     253     728
   3  38     254     720
   3  39     255     722
   3  40     256     721
   3  41     257     751
   3  42     258     806
   3  43     259     808
   3  44     260     810
   3  45     261     812
   3  46     262     805
   3  47     263     813
   3  48     264     444
   3  49     265     445
   3  50     266     447
   3  51     267     449
   3  52     268     451
   3  53     269     453
   3  54     270     528
   3  55     271     505
   3  56     272     511
   3  57     273     513
   3  58     274     519
   3  59     275     521
   3  60     276     158
   3  61     277     164
   3  62     278     167
   3  63     279     170
   3  64     280     175
   3  65     281     176
   3  66     282     235
   3  67     283     236
   3  68     284     237
   3  69     285     238
   3  70     286     239
   3  71     287     240
   4   0     288    1615
   4   1     289    1612
   4   2     290    1610
   4   3     291    1611
   4   4     292    1608
   4   5     293    1603
   4   6     294    1690
   4   7     295    1687
   4   8     296    1684
   4   9     297    1682
   4  10     298    1673
   4  11     299    1672
   4  12     300    1324
   4  13     301    1322
   4  14     302    1320
   4  15     303    1318
   4  16     304    1314
   4  17     305    1316
   4  18     306    1396
   4  19     307    1394
   4  20     308    1392
   4  21     309    1397
   4  22     310    1390
   4  23     311    1395
   4  24     312    1034
   4  25     313    1032
   4  26     314    1030
   4  27     315    1039
   4  28     316    1037
   4  29     317    1035
   4  30     318    1110
   4  31     319    1092
   4  32     320    1090
   4  33     321    1091
   4  34     322    1097
   4  35     323    1113
   4  36     324     752
   4  37     325     736
   4  38     326     730
   4  39     327     731
   4  40     328     733
   4  41     329     755
   4  42     330     818
   4  43     331     820
   4  44     332     822
   4  45     333     815
   4  46     334     817
   4  47     335     819
   4  48     336     458
   4  49     337     455
   4  50     338     460
   4  51     339     457
   4  52     340     459
   4  53     341     461
   4  54     342     525
   4  55     343     523
   4  56     344     527
   4  57     345     529
   4  58     346     531
   4  59     347     533
   4  60     348     161
   4  61     349     160
   4  62     350     171
   4  63     351     173
   4  64     352     174
   4  65     353     179
   4  66     354     234
   4  67     355     241
   4  68     356     242
   4  69     357     243
   4  70     358     245
   4  71     359     246
   5   0     360    1618
   5   1     361    1619
   5   2     362    1616
   5   3     363    1617
   5   4     364    1614
   5   5     365    1613
   5   6     366    1691
   5   7     367    1688
   5   8     368    1685
   5   9     369    1681
   5  10     370    1680
   5  11     371    1679
   5  12     372    1330
   5  13     373    1331
   5  14     374    1328
   5  15     375    1326
   5  16     376    1329
   5  17     377    1327
   5  18     378    1402
   5  19     379    1403
   5  20     380    1400
   5  21     381    1401
   5  22     382    1398
   5  23     383    1399
   5  24     384    1042
   5  25     385    1040
   5  26     386    1038
   5  27     387    1036
   5  28     388    1041
   5  29     389    1043
   5  30     390    1118
   5  31     391    1102
   5  32     392    1100
   5  33     393    1103
   5  34     394    1101
   5  35     395    1115
   5  36     396     754
   5  37     397     740
   5  38     398     742
   5  39     399     741
   5  40     400     743
   5  41     401     759
   5  42     402     826
   5  43     403     824
   5  44     404     821
   5  45     405     823
   5  46     406     825
   5  47     407     827
   5  48     408     462
   5  49     409     463
   5  50     410     464
   5  51     411     465
   5  52     412     466
   5  53     413     467
   5  54     414     534
   5  55     415     536
   5  56     416     535
   5  57     417     537
   5  58     418     538
   5  59     419     539
   5  60     420     166
   5  61     421     169
   5  62     422     168
   5  63     423     172
   5  64     424     177
   5  65     425     178
   5  66     426     244
   5  67     427     247
   5  68     428     248
   5  69     429     249
   5  70     430     250
   5  71     431     251
   6   0     432    1624
   6   1     433    1625
   6   2     434    1622
   6   3     435    1623
   6   4     436    1620
   6   5     437    1621
   6   6     438    1697
   6   7     439    1696
   6   8     440    1695
   6   9     441    1694
   6  10     442    1693
   6  11     443    1692
   6  12     444    1336
   6  13     445    1337
   6  14     446    1334
   6  15     447    1335
   6  16     448    1332
   6  17     449    1333
   6  18     450    1409
   6  19     451    1408
   6  20     452    1407
   6  21     453    1406
   6  22     454    1404
   6  23     455    1405
   6  24     456    1048
   6  25     457    1046
   6  26     458    1044
   6  27     459    1049
   6  28     460    1047
   6  29     461    1045
   6  30     462    1120
   6  31     463    1112
   6  32     464    1116
   6  33     465    1117
   6  34     466    1119
   6  35     467    1121
   6  36     468     760
   6  37     469     758
   6  38     470     756
   6  39     471     757
   6  40     472     753
   6  41     473     761
   6  42     474     828
   6  43     475     830
   6  44     476     832
   6  45     477     829
   6  46     478     831
   6  47     479     833
   6  48     480     468
   6  49     481     469
   6  50     482     471
   6  51     483     470
   6  52     484     473
   6  53     485     472
   6  54     486     540
   6  55     487     541
   6  56     488     542
   6  57     489     543
   6  58     490     544
   6  59     491     545
   6  60     492     181
   6  61     493     180
   6  62     494     183
   6  63     495     182
   6  64     496     185
   6  65     497     184
   6  66     498     252
   6  67     499     253
   6  68     500     254
   6  69     501     255
   6  70     502     256
   6  71     503     257
   7   0     504    1627
   7   1     505    1626
   7   2     506    1629
   7   3     507    1628
   7   4     508    1631
   7   5     509    1630
   7   6     510    1703
   7   7     511    1702
   7   8     512    1701
   7   9     513    1700
   7  10     514    1699
   7  11     515    1698
   7  12     516    1339
   7  13     517    1338
   7  14     518    1341
   7  15     519    1340
   7  16     520    1342
   7  17     521    1343
   7  18     522    1415
   7  19     523    1414
   7  20     524    1413
   7  21     525    1412
   7  22     526    1410
   7  23     527    1411
   7  24     528    1054
   7  25     529    1052
   7  26     530    1050
   7  27     531    1055
   7  28     532    1053
   7  29     533    1051
   7  30     534    1126
   7  31     535    1124
   7  32     536    1122
   7  33     537    1123
   7  34     538    1125
   7  35     539    1127
   7  36     540     766
   7  37     541     764
   7  38     542     762
   7  39     543     763
   7  40     544     765
   7  41     545     767
   7  42     546     834
   7  43     547     836
   7  44     548     838
   7  45     549     835
   7  46     550     837
   7  47     551     839
   7  48     552     474
   7  49     553     475
   7  50     554     477
   7  51     555     476
   7  52     556     479
   7  53     557     478
   7  54     558     550
   7  55     559     551
   7  56     560     549
   7  57     561     548
   7  58     562     547
   7  59     563     546
   7  60     564     187
   7  61     565     186
   7  62     566     189
   7  63     567     188
   7  64     568     191
   7  65     569     190
   7  66     570     263
   7  67     571     262
   7  68     572     261
   7  69     573     260
   7  70     574     259
   7  71     575     258
   8   0     576    1633
   8   1     577    1632
   8   2     578    1635
   8   3     579    1634
   8   4     580    1637
   8   5     581    1636
   8   6     582    1704
   8   7     583    1705
   8   8     584    1706
   8   9     585    1707
   8  10     586    1708
   8  11     587    1709
   8  12     588    1344
   8  13     589    1345
   8  14     590    1346
   8  15     591    1347
   8  16     592    1348
   8  17     593    1349
   8  18     594    1416
   8  19     595    1417
   8  20     596    1418
   8  21     597    1419
   8  22     598    1420
   8  23     599    1421
   8  24     600    1056
   8  25     601    1058
   8  26     602    1060
   8  27     603    1062
   8  28     604    1057
   8  29     605    1059
   8  30     606    1132
   8  31     607    1130
   8  32     608    1128
   8  33     609    1133
   8  34     610    1131
   8  35     611    1129
   8  36     612     768
   8  37     613     770
   8  38     614     772
   8  39     615     769
   8  40     616     771
   8  41     617     773
   8  42     618     842
   8  43     619     840
   8  44     620     847
   8  45     621     845
   8  46     622     843
   8  47     623     841
   8  48     624     484
   8  49     625     485
   8  50     626     482
   8  51     627     483
   8  52     628     480
   8  53     629     481
   8  54     630     556
   8  55     631     557
   8  56     632     554
   8  57     633     555
   8  58     634     552
   8  59     635     553
   8  60     636     196
   8  61     637     197
   8  62     638     194
   8  63     639     195
   8  64     640     192
   8  65     641     193
   8  66     642     269
   8  67     643     268
   8  68     644     267
   8  69     645     266
   8  70     646     265
   8  71     647     264
   9   0     648    1639
   9   1     649    1638
   9   2     650    1641
   9   3     651    1640
   9   4     652    1643
   9   5     653    1642
   9   6     654    1710
   9   7     655    1711
   9   8     656    1712
   9   9     657    1713
   9  10     658    1714
   9  11     659    1715
   9  12     660    1350
   9  13     661    1351
   9  14     662    1352
   9  15     663    1353
   9  16     664    1354
   9  17     665    1355
   9  18     666    1422
   9  19     667    1423
   9  20     668    1424
   9  21     669    1425
   9  22     670    1426
   9  23     671    1427
   9  24     672    1061
   9  25     673    1064
   9  26     674    1068
   9  27     675    1063
   9  28     676    1067
   9  29     677    1065
   9  30     678    1134
   9  31     679    1136
   9  32     680    1138
   9  33     681    1139
   9  34     682    1137
   9  35     683    1135
   9  36     684     774
   9  37     685     776
   9  38     686     778
   9  39     687     779
   9  40     688     777
   9  41     689     775
   9  42     690     848
   9  43     691     850
   9  44     692     846
   9  45     693     853
   9  46     694     849
   9  47     695     844
   9  48     696     490
   9  49     697     491
   9  50     698     488
   9  51     699     489
   9  52     700     486
   9  53     701     487
   9  54     702     562
   9  55     703     563
   9  56     704     560
   9  57     705     561
   9  58     706     558
   9  59     707     559
   9  60     708     202
   9  61     709     203
   9  62     710     200
   9  63     711     201
   9  64     712     198
   9  65     713     199
   9  66     714     275
   9  67     715     274
   9  68     716     273
   9  69     717     272
   9  70     718     271
   9  71     719     270
  10   0     720    1645
  10   1     721    1644
  10   2     722    1647
  10   3     723    1646
  10   4     724    1649
  10   5     725    1648
  10   6     726    1716
  10   7     727    1717
  10   8     728    1718
  10   9     729    1719
  10  10     730    1720
  10  11     731    1721
  10  12     732    1356
  10  13     733    1357
  10  14     734    1358
  10  15     735    1359
  10  16     736    1360
  10  17     737    1361
  10  18     738    1428
  10  19     739    1430
  10  20     740    1432
  10  21     741    1434
  10  22     742    1436
  10  23     743    1437
  10  24     744    1066
  10  25     745    1070
  10  26     746    1072
  10  27     747    1069
  10  28     748    1071
  10  29     749    1073
  10  30     750    1140
  10  31     751    1144
  10  32     752    1142
  10  33     753    1143
  10  34     754    1145
  10  35     755    1141
  10  36     756     780
  10  37     757     784
  10  38     758     782
  10  39     759     783
  10  40     760     785
  10  41     761     781
  10  42     762     856
  10  43     763     854
  10  44     764     852
  10  45     765     857
  10  46     766     855
  10  47     767     851
  10  48     768     500
  10  49     769     501
  10  50     770     499
  10  51     771     497
  10  52     772     495
  10  53     773     493
  10  54     774     568
  10  55     775     569
  10  56     776     566
  10  57     777     567
  10  58     778     564
  10  59     779     565
  10  60     780     208
  10  61     781     209
  10  62     782     206
  10  63     783     207
  10  64     784     204
  10  65     785     205
  10  66     786     281
  10  67     787     280
  10  68     788     279
  10  69     789     278
  10  70     790     277
  10  71     791     276
  11   0     792    1651
  11   1     793    1650
  11   2     794    1653
  11   3     795    1652
  11   4     796    1655
  11   5     797    1654
  11   6     798    1722
  11   7     799    1723
  11   8     800    1724
  11   9     801    1725
  11  10     802    1726
  11  11     803    1727
  11  12     804    1366
  11  13     805    1364
  11  14     806    1362
  11  15     807    1363
  11  16     808    1365
  11  17     809    1367
  11  18     810    1429
  11  19     811    1431
  11  20     812    1433
  11  21     813    1435
  11  22     814    1438
  11  23     815    1439
  11  24     816    1078
  11  25     817    1076
  11  26     818    1074
  11  27     819    1075
  11  28     820    1077
  11  29     821    1079
  11  30     822    1146
  11  31     823    1148
  11  32     824    1150
  11  33     825    1151
  11  34     826    1149
  11  35     827    1147
  11  36     828     786
  11  37     829     788
  11  38     830     790
  11  39     831     791
  11  40     832     789
  11  41     833     787
  11  42     834     862
  11  43     835     860
  11  44     836     858
  11  45     837     859
  11  46     838     861
  11  47     839     863
  11  48     840     502
  11  49     841     503
  11  50     842     498
  11  51     843     496
  11  52     844     494
  11  53     845     492
  11  54     846     574
  11  55     847     572
  11  56     848     570
  11  57     849     571
  11  58     850     573
  11  59     851     575
  11  60     852     210
  11  61     853     211
  11  62     854     212
  11  63     855     213
  11  64     856     214
  11  65     857     215
  11  66     858     287
  11  67     859     286
  11  68     860     285
  11  69     861     284
  11  70     862     283
  11  71     863     282
  12   0     864    1517
  12   1     865    1516
  12   2     866    1515
  12   3     867    1514
  12   4     868    1513
  12   5     869    1512
  12   6     870    1444
  12   7     871    1445
  12   8     872    1442
  12   9     873    1443
  12  10     874    1440
  12  11     875    1441
  12  12     876    1224
  12  13     877    1226
  12  14     878    1228
  12  15     879    1229
  12  16     880    1227
  12  17     881    1225
  12  18     882    1163
  12  19     883    1161
  12  20     884    1159
  12  21     885    1157
  12  22     886    1152
  12  23     887    1153
  12  24     888     936
  12  25     889     938
  12  26     890     940
  12  27     891     941
  12  28     892     939
  12  29     893     937
  12  30     894     868
  12  31     895     866
  12  32     896     864
  12  33     897     865
  12  34     898     867
  12  35     899     869
  12  36     900     652
  12  37     901     650
  12  38     902     648
  12  39     903     649
  12  40     904     651
  12  41     905     653
  12  42     906     576
  12  43     907     578
  12  44     908     580
  12  45     909     581
  12  46     910     579
  12  47     911     577
  12  48     912     360
  12  49     913     361
  12  50     914     364
  12  51     915     366
  12  52     916     368
  12  53     917     370
  12  54     918     288
  12  55     919     290
  12  56     920     292
  12  57     921     293
  12  58     922     291
  12  59     923     289
  12  60     924      74
  12  61     925      75
  12  62     926      76
  12  63     927      77
  12  64     928      78
  12  65     929      79
  12  66     930       1
  12  67     931       0
  12  68     932       3
  12  69     933       2
  12  70     934       5
  12  71     935       4
  13   0     936    1523
  13   1     937    1522
  13   2     938    1521
  13   3     939    1520
  13   4     940    1519
  13   5     941    1518
  13   6     942    1452
  13   7     943    1451
  13   8     944    1448
  13   9     945    1449
  13  10     946    1446
  13  11     947    1447
  13  12     948    1234
  13  13     949    1235
  13  14     950    1232
  13  15     951    1233
  13  16     952    1230
  13  17     953    1231
  13  18     954    1162
  13  19     955    1160
  13  20     956    1158
  13  21     957    1156
  13  22     958    1154
  13  23     959    1155
  13  24     960     949
  13  25     961     944
  13  26     962     947
  13  27     963     942
  13  28     964     945
  13  29     965     943
  13  30     966     874
  13  31     967     870
  13  32     968     872
  13  33     969     873
  13  34     970     871
  13  35     971     875
  13  36     972     658
  13  37     973     654
  13  38     974     656
  13  39     975     657
  13  40     976     655
  13  41     977     659
  13  42     978     582
  13  43     979     584
  13  44     980     583
  13  45     981     586
  13  46     982     585
  13  47     983     588
  13  48     984     362
  13  49     985     363
  13  50     986     365
  13  51     987     367
  13  52     988     369
  13  53     989     371
  13  54     990     294
  13  55     991     295
  13  56     992     296
  13  57     993     297
  13  58     994     298
  13  59     995     299
  13  60     996      80
  13  61     997      81
  13  62     998      82
  13  63     999      83
  13  64    1000      85
  13  65    1001      86
  13  66    1002       7
  13  67    1003       6
  13  68    1004       9
  13  69    1005       8
  13  70    1006      11
  13  71    1007      10
  14   0    1008    1529
  14   1    1009    1528
  14   2    1010    1527
  14   3    1011    1526
  14   4    1012    1525
  14   5    1013    1524
  14   6    1014    1456
  14   7    1015    1457
  14   8    1016    1454
  14   9    1017    1455
  14  10    1018    1450
  14  11    1019    1453
  14  12    1020    1240
  14  13    1021    1241
  14  14    1022    1238
  14  15    1023    1239
  14  16    1024    1237
  14  17    1025    1236
  14  18    1026    1168
  14  19    1027    1169
  14  20    1028    1166
  14  21    1029    1167
  14  22    1030    1164
  14  23    1031    1165
  14  24    1032     955
  14  25    1033     950
  14  26    1034     953
  14  27    1035     948
  14  28    1036     946
  14  29    1037     951
  14  30    1038     880
  14  31    1039     878
  14  32    1040     876
  14  33    1041     877
  14  34    1042     879
  14  35    1043     881
  14  36    1044     664
  14  37    1045     662
  14  38    1046     660
  14  39    1047     661
  14  40    1048     663
  14  41    1049     665
  14  42    1050     590
  14  43    1051     587
  14  44    1052     589
  14  45    1053     592
  14  46    1054     591
  14  47    1055     594
  14  48    1056     372
  14  49    1057     373
  14  50    1058     374
  14  51    1059     375
  14  52    1060     376
  14  53    1061     377
  14  54    1062     300
  14  55    1063     301
  14  56    1064     302
  14  57    1065     303
  14  58    1066     304
  14  59    1067     305
  14  60    1068      84
  14  61    1069      87
  14  62    1070      88
  14  63    1071      89
  14  64    1072      90
  14  65    1073      92
  14  66    1074      13
  14  67    1075      12
  14  68    1076      15
  14  69    1077      14
  14  70    1078      17
  14  71    1079      16
  15   0    1080    1535
  15   1    1081    1534
  15   2    1082    1533
  15   3    1083    1532
  15   4    1084    1531
  15   5    1085    1530
  15   6    1086    1462
  15   7    1087    1463
  15   8    1088    1460
  15   9    1089    1461
  15  10    1090    1458
  15  11    1091    1459
  15  12    1092    1246
  15  13    1093    1247
  15  14    1094    1244
  15  15    1095    1245
  15  16    1096    1242
  15  17    1097    1243
  15  18    1098    1174
  15  19    1099    1175
  15  20    1100    1172
  15  21    1101    1173
  15  22    1102    1170
  15  23    1103    1171
  15  24    1104     961
  15  25    1105     956
  15  26    1106     959
  15  27    1107     954
  15  28    1108     952
  15  29    1109     957
  15  30    1110     882
  15  31    1111     886
  15  32    1112     884
  15  33    1113     883
  15  34    1114     885
  15  35    1115     887
  15  36    1116     670
  15  37    1117     668
  15  38    1118     666
  15  39    1119     669
  15  40    1120     671
  15  41    1121     667
  15  42    1122     596
  15  43    1123     593
  15  44    1124     595
  15  45    1125     598
  15  46    1126     597
  15  47    1127     600
  15  48    1128     378
  15  49    1129     379
  15  50    1130     380
  15  51    1131     381
  15  52    1132     382
  15  53    1133     383
  15  54    1134     306
  15  55    1135     307
  15  56    1136     308
  15  57    1137     309
  15  58    1138     310
  15  59    1139     311
  15  60    1140      91
  15  61    1141      93
  15  62    1142      94
  15  63    1143      95
  15  64    1144      96
  15  65    1145      97
  15  66    1146      19
  15  67    1147      18
  15  68    1148      21
  15  69    1149      20
  15  70    1150      23
  15  71    1151      22
  16   0    1152    1541
  16   1    1153    1540
  16   2    1154    1539
  16   3    1155    1538
  16   4    1156    1537
  16   5    1157    1536
  16   6    1158    1468
  16   7    1159    1469
  16   8    1160    1466
  16   9    1161    1467
  16  10    1162    1464
  16  11    1163    1465
  16  12    1164    1253
  16  13    1165    1252
  16  14    1166    1251
  16  15    1167    1250
  16  16    1168    1248
  16  17    1169    1249
  16  18    1170    1177
  16  19    1171    1176
  16  20    1172    1179
  16  21    1173    1178
  16  22    1174    1180
  16  23    1175    1181
  16  24    1176     958
  16  25    1177     962
  16  26    1178     964
  16  27    1179     960
  16  28    1180     963
  16  29    1181     965
  16  30    1182     888
  16  31    1183     890
  16  32    1184     892
  16  33    1185     893
  16  34    1186     891
  16  35    1187     889
  16  36    1188     672
  16  37    1189     674
  16  38    1190     676
  16  39    1191     675
  16  40    1192     677
  16  41    1193     673
  16  42    1194     604
  16  43    1195     602
  16  44    1196     601
  16  45    1197     605
  16  46    1198     603
  16  47    1199     599
  16  48    1200     388
  16  49    1201     389
  16  50    1202     387
  16  51    1203     386
  16  52    1204     385
  16  53    1205     384
  16  54    1206     312
  16  55    1207     313
  16  56    1208     315
  16  57    1209     314
  16  58    1210     317
  16  59    1211     316
  16  60    1212      98
  16  61    1213      99
  16  62    1214     100
  16  63    1215     101
  16  64    1216     102
  16  65    1217     103
  16  66    1218      25
  16  67    1219      24
  16  68    1220      27
  16  69    1221      26
  16  70    1222      29
  16  71    1223      28
  17   0    1224    1547
  17   1    1225    1546
  17   2    1226    1545
  17   3    1227    1544
  17   4    1228    1543
  17   5    1229    1542
  17   6    1230    1471
  17   7    1231    1470
  17   8    1232    1474
  17   9    1233    1473
  17  10    1234    1472
  17  11    1235    1475
  17  12    1236    1254
  17  13    1237    1255
  17  14    1238    1256
  17  15    1239    1257
  17  16    1240    1258
  17  17    1241    1259
  17  18    1242    1183
  17  19    1243    1182
  17  20    1244    1185
  17  21    1245    1184
  17  22    1246    1186
  17  23    1247    1187
  17  24    1248     966
  17  25    1249     967
  17  26    1250     968
  17  27    1251     970
  17  28    1252     969
  17  29    1253     971
  17  30    1254     894
  17  31    1255     902
  17  32    1256     898
  17  33    1257     899
  17  34    1258     897
  17  35    1259     895
  17  36    1260     678
  17  37    1261     680
  17  38    1262     682
  17  39    1263     683
  17  40    1264     687
  17  41    1265     679
  17  42    1266     610
  17  43    1267     608
  17  44    1268     611
  17  45    1269     609
  17  46    1270     606
  17  47    1271     607
  17  48    1272     394
  17  49    1273     395
  17  50    1274     393
  17  51    1275     392
  17  52    1276     391
  17  53    1277     390
  17  54    1278     322
  17  55    1279     323
  17  56    1280     320
  17  57    1281     321
  17  58    1282     318
  17  59    1283     319
  17  60    1284     107
  17  61    1285     106
  17  62    1286     105
  17  63    1287     104
  17  64    1288     108
  17  65    1289     109
  17  66    1290      31
  17  67    1291      30
  17  68    1292      33
  17  69    1293      32
  17  70    1294      35
  17  71    1295      34
  18   0    1296    1548
  18   1    1297    1549
  18   2    1298    1550
  18   3    1299    1551
  18   4    1300    1552
  18   5    1301    1553
  18   6    1302    1477
  18   7    1303    1476
  18   8    1304    1479
  18   9    1305    1478
  18  10    1306    1483
  18  11    1307    1482
  18  12    1308    1260
  18  13    1309    1261
  18  14    1310    1262
  18  15    1311    1263
  18  16    1312    1264
  18  17    1313    1265
  18  18    1314    1188
  18  19    1315    1189
  18  20    1316    1190
  18  21    1317    1191
  18  22    1318    1192
  18  23    1319    1197
  18  24    1320     972
  18  25    1321     974
  18  26    1322     976
  18  27    1323     982
  18  28    1324     984
  18  29    1325     973
  18  30    1326     896
  18  31    1327     912
  18  32    1328     914
  18  33    1329     913
  18  34    1330     915
  18  35    1331     901
  18  36    1332     684
  18  37    1333     698
  18  38    1334     696
  18  39    1335     699
  18  40    1336     697
  18  41    1337     681
  18  42    1338     612
  18  43    1339     625
  18  44    1340     623
  18  45    1341     617
  18  46    1342     615
  18  47    1343     613
  18  48    1344     404
  18  49    1345     401
  18  50    1346     398
  18  51    1347     399
  18  52    1348     396
  18  53    1349     397
  18  54    1350     328
  18  55    1351     329
  18  56    1352     326
  18  57    1353     327
  18  58    1354     324
  18  59    1355     325
  18  60    1356     113
  18  61    1357     112
  18  62    1358     111
  18  63    1359     110
  18  64    1360     114
  18  65    1361     115
  18  66    1362      40
  18  67    1363      41
  18  68    1364      38
  18  69    1365      39
  18  70    1366      36
  18  71    1367      37
  19   0    1368    1554
  19   1    1369    1555
  19   2    1370    1556
  19   3    1371    1557
  19   4    1372    1558
  19   5    1373    1559
  19   6    1374    1481
  19   7    1375    1480
  19   8    1376    1485
  19   9    1377    1484
  19  10    1378    1489
  19  11    1379    1488
  19  12    1380    1266
  19  13    1381    1268
  19  14    1382    1270
  19  15    1383    1272
  19  16    1384    1274
  19  17    1385    1276
  19  18    1386    1193
  19  19    1387    1194
  19  20    1388    1195
  19  21    1389    1196
  19  22    1390    1202
  19  23    1391    1210
  19  24    1392     978
  19  25    1393     980
  19  26    1394     986
  19  27    1395     994
  19  28    1396     996
  19  29    1397     995
  19  30    1398     900
  19  31    1399     922
  19  32    1400     924
  19  33    1401     925
  19  34    1402     919
  19  35    1403     903
  19  36    1404     686
  19  37    1405     702
  19  38    1406     708
  19  39    1407     709
  19  40    1408     707
  19  41    1409     685
  19  42    1410     634
  19  43    1411     637
  19  44    1412     635
  19  45    1413     627
  19  46    1414     621
  19  47    1415     619
  19  48    1416     419
  19  49    1417     411
  19  50    1418     405
  19  51    1419     402
  19  52    1420     403
  19  53    1421     400
  19  54    1422     341
  19  55    1423     339
  19  56    1424     337
  19  57    1425     335
  19  58    1426     333
  19  59    1427     331
  19  60    1428     119
  19  61    1429     118
  19  62    1430     117
  19  63    1431     116
  19  64    1432     120
  19  65    1433     121
  19  66    1434      46
  19  67    1435      47
  19  68    1436      44
  19  69    1437      45
  19  70    1438      42
  19  71    1439      43
  20   0    1440    1560
  20   1    1441    1561
  20   2    1442    1562
  20   3    1443    1563
  20   4    1444    1564
  20   5    1445    1565
  20   6    1446    1490
  20   7    1447    1491
  20   8    1448    1487
  20   9    1449    1486
  20  10    1450    1493
  20  11    1451    1492
  20  12    1452    1278
  20  13    1453    1280
  20  14    1454    1282
  20  15    1455    1284
  20  16    1456    1286
  20  17    1457    1288
  20  18    1458    1204
  20  19    1459    1206
  20  20    1460    1208
  20  21    1461    1212
  20  22    1462    1214
  20  23    1463    1220
  20  24    1464     988
  20  25    1465     990
  20  26    1466    1004
  20  27    1467     975
  20  28    1468     977
  20  29    1469    1007
  20  30    1470     904
  20  31    1471     934
  20  32    1472     933
  20  33    1473     935
  20  34    1474     927
  20  35    1475     905
  20  36    1476     688
  20  37    1477     710
  20  38    1478     718
  20  39    1479     716
  20  40    1480     719
  20  41    1481     689
  20  42    1482     646
  20  43    1483     616
  20  44    1484     614
  20  45    1485     645
  20  46    1486     631
  20  47    1487     629
  20  48    1488     429
  20  49    1489     423
  20  50    1490     421
  20  51    1491     417
  20  52    1492     415
  20  53    1493     413
  20  54    1494     353
  20  55    1495     351
  20  56    1496     349
  20  57    1497     347
  20  58    1498     345
  20  59    1499     343
  20  60    1500     125
  20  61    1501     124
  20  62    1502     123
  20  63    1503     122
  20  64    1504      72
  20  65    1505      73
  20  66    1506      52
  20  67    1507      53
  20  68    1508      50
  20  69    1509      51
  20  70    1510      48
  20  71    1511      49
  21   0    1512    1566
  21   1    1513    1567
  21   2    1514    1568
  21   3    1515    1569
  21   4    1516    1570
  21   5    1517    1571
  21   6    1518    1495
  21   7    1519    1494
  21   8    1520    1497
  21   9    1521    1496
  21  10    1522    1499
  21  11    1523    1498
  21  12    1524    1290
  21  13    1525    1292
  21  14    1526    1294
  21  15    1527    1267
  21  16    1528    1269
  21  17    1529    1271
  21  18    1530    1213
  21  19    1531    1215
  21  20    1532    1216
  21  21    1533    1217
  21  22    1534    1218
  21  23    1535    1219
  21  24    1536     992
  21  25    1537     998
  21  26    1538     979
  21  27    1539    1001
  21  28    1540    1005
  21  29    1541     999
  21  30    1542     906
  21  31    1543     920
  21  32    1544     931
  21  33    1545     929
  21  34    1546     923
  21  35    1547     907
  21  36    1548     690
  21  37    1549     706
  21  38    1550     712
  21  39    1551     714
  21  40    1552     705
  21  41    1553     691
  21  42    1554     638
  21  43    1555     644
  21  44    1556     640
  21  45    1557     618
  21  46    1558     639
  21  47    1559     633
  21  48    1560     426
  21  49    1561     427
  21  50    1562     424
  21  51    1563     425
  21  52    1564     422
  21  53    1565     420
  21  54    1566     334
  21  55    1567     332
  21  56    1568     330
  21  57    1569     359
  21  58    1570     357
  21  59    1571     355
  21  60    1572     131
  21  61    1573     130
  21  62    1574     129
  21  63    1575     128
  21  64    1576     127
  21  65    1577     126
  21  66    1578      58
  21  67    1579      59
  21  68    1580      56
  21  69    1581      57
  21  70    1582      54
  21  71    1583      55
  22   0    1584    1572
  22   1    1585    1573
  22   2    1586    1574
  22   3    1587    1575
  22   4    1588    1576
  22   5    1589    1577
  22   6    1590    1501
  22   7    1591    1500
  22   8    1592    1503
  22   9    1593    1502
  22  10    1594    1505
  22  11    1595    1504
  22  12    1596    1273
  22  13    1597    1275
  22  14    1598    1277
  22  15    1599    1279
  22  16    1600    1281
  22  17    1601    1283
  22  18    1602    1222
  22  19    1603    1221
  22  20    1604    1223
  22  21    1605    1211
  22  22    1606    1209
  22  23    1607    1207
  22  24    1608    1000
  22  25    1609    1006
  22  26    1610     983
  22  27    1611    1003
  22  28    1612     993
  22  29    1613     989
  22  30    1614     908
  22  31    1615     918
  22  32    1616     930
  22  33    1617     921
  22  34    1618     917
  22  35    1619     909
  22  36    1620     692
  22  37    1621     700
  22  38    1622     704
  22  39    1623     715
  22  40    1624     703
  22  41    1625     693
  22  42    1626     628
  22  43    1627     632
  22  44    1628     642
  22  45    1629     622
  22  46    1630     647
  22  47    1631     641
  22  48    1632     414
  22  49    1633     416
  22  50    1634     418
  22  51    1635     430
  22  52    1636     428
  22  53    1637     431
  22  54    1638     346
  22  55    1639     344
  22  56    1640     342
  22  57    1641     340
  22  58    1642     338
  22  59    1643     336
  22  60    1644     137
  22  61    1645     136
  22  62    1646     135
  22  63    1647     134
  22  64    1648     133
  22  65    1649     132
  22  66    1650      64
  22  67    1651      65
  22  68    1652      62
  22  69    1653      63
  22  70    1654      60
  22  71    1655      61
  23   0    1656    1578
  23   1    1657    1579
  23   2    1658    1580
  23   3    1659    1581
  23   4    1660    1582
  23   5    1661    1583
  23   6    1662    1510
  23   7    1663    1511
  23   8    1664    1508
  23   9    1665    1509
  23  10    1666    1506
  23  11    1667    1507
  23  12    1668    1285
  23  13    1669    1295
  23  14    1670    1293
  23  15    1671    1291
  23  16    1672    1289
  23  17    1673    1287
  23  18    1674    1200
  23  19    1675    1205
  23  20    1676    1198
  23  21    1677    1203
  23  22    1678    1199
  23  23    1679    1201
  23  24    1680    1002
  23  25    1681     981
  23  26    1682     985
  23  27    1683     997
  23  28    1684     991
  23  29    1685     987
  23  30    1686     910
  23  31    1687     916
  23  32    1688     926
  23  33    1689     928
  23  34    1690     932
  23  35    1691     911
  23  36    1692     694
  23  37    1693     717
  23  38    1694     713
  23  39    1695     711
  23  40    1696     701
  23  41    1697     695
  23  42    1698     626
  23  43    1699     630
  23  44    1700     636
  23  45    1701     624
  23  46    1702     620
  23  47    1703     643
  23  48    1704     408
  23  49    1705     406
  23  50    1706     410
  23  51    1707     407
  23  52    1708     412
  23  53    1709     409
  23  54    1710     350
  23  55    1711     352
  23  56    1712     354
  23  57    1713     356
  23  58    1714     358
  23  59    1715     348
  23  60    1716     138
  23  61    1717     139
  23  62    1718     140
  23  63    1719     141
  23  64    1720     142
  23  65    1721     143
  23  66    1722      70
  23  67    1723      71
  23  68    1724      68
  23  69    1725      69
  23  70    1726      66
  23  71    1727      67
