#                                          
# MAP for Data Channel to Layout (Row,Col) 
#                                          
# Convention:                              
#    - Looking at the Pad Surface          
#    - Lower-Left corner is (0,0)          
#                                          
# Create by Yun-Ha using David's Map       
#                                          
# NOTE:                                    
#  pad at 20,65 is for HV
#  pad at 20,64 is for HV
#                             
#  72, 73 are added manually to give location anyway
#             
#-------------------------------           
# PhysChan  FEC  ASIC  Row  Col            
#-------------------------------           
        0    0     0   12   67
        1    0     0   12   66
        2    0     0   12   69
        3    0     0   12   68
        4    0     0   12   71
        5    0     0   12   70
        6    0     0   13   67
        7    0     0   13   66
        8    0     0   13   69
        9    0     0   13   68
       10    0     0   13   71
       11    0     0   13   70
       12    0     0   14   67
       13    0     0   14   66
       14    0     0   14   69
       15    0     0   14   68
       16    0     0   14   71
       17    0     0   14   70
       18    0     0   15   67
       19    0     0   15   66
       20    0     0   15   69
       21    0     0   15   68
       22    0     0   15   71
       23    0     0   15   70
       24    0     0   16   67
       25    0     0   16   66
       26    0     0   16   69
       27    0     0   16   68
       28    0     0   16   71
       29    0     0   16   70
       30    0     0   17   67
       31    0     0   17   66
       32    0     0   17   69
       33    0     0   17   68
       34    0     0   17   71
       35    0     0   17   70
       36    0     0   18   70
       37    0     0   18   71
       38    0     0   18   68
       39    0     0   18   69
       40    0     0   18   66
       41    0     0   18   67
       42    0     0   19   70
       43    0     0   19   71
       44    0     0   19   68
       45    0     0   19   69
       46    0     0   19   66
       47    0     0   19   67
       48    0     0   20   70
       49    0     0   20   71
       50    0     0   20   68
       51    0     0   20   69
       52    0     0   20   66
       53    0     0   20   67
       54    0     0   21   70
       55    0     0   21   71
       56    0     0   21   68
       57    0     0   21   69
       58    0     0   21   66
       59    0     0   21   67
       60    0     0   22   70
       61    0     0   22   71
       62    0     0   22   68
       63    0     0   22   69
       64    0     0   22   66
       65    0     0   22   67
       66    0     0   23   70
       67    0     0   23   71
       68    0     0   23   68
       69    0     0   23   69
       70    0     0   23   66
       71    0     0   23   67
       72   -1    -1   20   64
       73   -1    -1   20   65
       74    0     1   12   60
       75    0     1   12   61
       76    0     1   12   62
       77    0     1   12   63
       78    0     1   12   64
       79    0     1   12   65
       80    0     1   13   60
       81    0     1   13   61
       82    0     1   13   62
       83    0     1   13   63
       84    0     1   14   60
       85    0     1   13   64
       86    0     1   13   65
       87    0     1   14   61
       88    0     1   14   62
       89    0     1   14   63
       90    0     1   14   64
       91    0     1   15   60
       92    0     1   14   65
       93    0     1   15   61
       94    0     1   15   62
       95    0     1   15   63
       96    0     1   15   64
       97    0     1   15   65
       98    0     1   16   60
       99    0     1   16   61
      100    0     1   16   62
      101    0     1   16   63
      102    0     1   16   64
      103    0     1   16   65
      104    0     1   17   63
      105    0     1   17   62
      106    0     1   17   61
      107    0     1   17   60
      108    0     1   17   64
      109    0     1   17   65
      110    0     1   18   63
      111    0     1   18   62
      112    0     1   18   61
      113    0     1   18   60
      114    0     1   18   64
      115    0     1   18   65
      116    0     1   19   63
      117    0     1   19   62
      118    0     1   19   61
      119    0     1   19   60
      120    0     1   19   64
      121    0     1   19   65
      122    0     1   20   63
      123    0     1   20   62
      124    0     1   20   61
      125    0     1   20   60
      126    0     1   21   65
      127    0     1   21   64
      128    0     1   21   63
      129    0     1   21   62
      130    0     1   21   61
      131    0     1   21   60
      132    0     1   22   65
      133    0     1   22   64
      134    0     1   22   63
      135    0     1   22   62
      136    0     1   22   61
      137    0     1   22   60
      138    0     1   23   60
      139    0     1   23   61
      140    0     1   23   62
      141    0     1   23   63
      142    0     1   23   64
      143    0     1   23   65
      144    0     2    0   65
      145    0     2    1   65
      146    0     2    0   64
      147    0     2    1   64
      148    0     2    0   63
      149    0     2    1   63
      150    0     2    0   62
      151    0     2    1   62
      152    0     2    0   61
      153    0     2    1   61
      154    0     2    0   60
      155    0     2    1   60
      156    0     2    2   61
      157    0     2    2   60
      158    0     2    3   60
      159    0     2    2   62
      160    0     2    4   61
      161    0     2    4   60
      162    0     2    2   64
      163    0     2    2   63
      164    0     2    3   61
      165    0     2    2   65
      166    0     2    5   60
      167    0     2    3   62
      168    0     2    5   62
      169    0     2    5   61
      170    0     2    3   63
      171    0     2    4   62
      172    0     2    5   63
      173    0     2    4   63
      174    0     2    4   64
      175    0     2    3   64
      176    0     2    3   65
      177    0     2    5   64
      178    0     2    5   65
      179    0     2    4   65
      180    0     2    6   61
      181    0     2    6   60
      182    0     2    6   63
      183    0     2    6   62
      184    0     2    6   65
      185    0     2    6   64
      186    0     2    7   61
      187    0     2    7   60
      188    0     2    7   63
      189    0     2    7   62
      190    0     2    7   65
      191    0     2    7   64
      192    0     2    8   64
      193    0     2    8   65
      194    0     2    8   62
      195    0     2    8   63
      196    0     2    8   60
      197    0     2    8   61
      198    0     2    9   64
      199    0     2    9   65
      200    0     2    9   62
      201    0     2    9   63
      202    0     2    9   60
      203    0     2    9   61
      204    0     2   10   64
      205    0     2   10   65
      206    0     2   10   62
      207    0     2   10   63
      208    0     2   10   60
      209    0     2   10   61
      210    0     2   11   60
      211    0     2   11   61
      212    0     2   11   62
      213    0     2   11   63
      214    0     2   11   64
      215    0     2   11   65
      216    0     3    0   66
      217    0     3    1   71
      218    0     3    0   67
      219    0     3    1   70
      220    0     3    0   68
      221    0     3    1   69
      222    0     3    0   69
      223    0     3    1   68
      224    0     3    0   70
      225    0     3    1   67
      226    0     3    0   71
      227    0     3    1   66
      228    0     3    2   66
      229    0     3    2   67
      230    0     3    2   68
      231    0     3    2   69
      232    0     3    2   70
      233    0     3    2   71
      234    0     3    4   66
      235    0     3    3   66
      236    0     3    3   67
      237    0     3    3   68
      238    0     3    3   69
      239    0     3    3   70
      240    0     3    3   71
      241    0     3    4   67
      242    0     3    4   68
      243    0     3    4   69
      244    0     3    5   66
      245    0     3    4   70
      246    0     3    4   71
      247    0     3    5   67
      248    0     3    5   68
      249    0     3    5   69
      250    0     3    5   70
      251    0     3    5   71
      252    0     3    6   66
      253    0     3    6   67
      254    0     3    6   68
      255    0     3    6   69
      256    0     3    6   70
      257    0     3    6   71
      258    0     3    7   71
      259    0     3    7   70
      260    0     3    7   69
      261    0     3    7   68
      262    0     3    7   67
      263    0     3    7   66
      264    0     3    8   71
      265    0     3    8   70
      266    0     3    8   69
      267    0     3    8   68
      268    0     3    8   67
      269    0     3    8   66
      270    0     3    9   71
      271    0     3    9   70
      272    0     3    9   69
      273    0     3    9   68
      274    0     3    9   67
      275    0     3    9   66
      276    0     3   10   71
      277    0     3   10   70
      278    0     3   10   69
      279    0     3   10   68
      280    0     3   10   67
      281    0     3   10   66
      282    0     3   11   71
      283    0     3   11   70
      284    0     3   11   69
      285    0     3   11   68
      286    0     3   11   67
      287    0     3   11   66
      288    1     4   12   54
      289    1     4   12   59
      290    1     4   12   55
      291    1     4   12   58
      292    1     4   12   56
      293    1     4   12   57
      294    1     4   13   54
      295    1     4   13   55
      296    1     4   13   56
      297    1     4   13   57
      298    1     4   13   58
      299    1     4   13   59
      300    1     4   14   54
      301    1     4   14   55
      302    1     4   14   56
      303    1     4   14   57
      304    1     4   14   58
      305    1     4   14   59
      306    1     4   15   54
      307    1     4   15   55
      308    1     4   15   56
      309    1     4   15   57
      310    1     4   15   58
      311    1     4   15   59
      312    1     4   16   54
      313    1     4   16   55
      314    1     4   16   57
      315    1     4   16   56
      316    1     4   16   59
      317    1     4   16   58
      318    1     4   17   58
      319    1     4   17   59
      320    1     4   17   56
      321    1     4   17   57
      322    1     4   17   54
      323    1     4   17   55
      324    1     4   18   58
      325    1     4   18   59
      326    1     4   18   56
      327    1     4   18   57
      328    1     4   18   54
      329    1     4   18   55
      330    1     4   21   56
      331    1     4   19   59
      332    1     4   21   55
      333    1     4   19   58
      334    1     4   21   54
      335    1     4   19   57
      336    1     4   22   59
      337    1     4   19   56
      338    1     4   22   58
      339    1     4   19   55
      340    1     4   22   57
      341    1     4   19   54
      342    1     4   22   56
      343    1     4   20   59
      344    1     4   22   55
      345    1     4   20   58
      346    1     4   22   54
      347    1     4   20   57
      348    1     4   23   59
      349    1     4   20   56
      350    1     4   23   54
      351    1     4   20   55
      352    1     4   23   55
      353    1     4   20   54
      354    1     4   23   56
      355    1     4   21   59
      356    1     4   23   57
      357    1     4   21   58
      358    1     4   23   58
      359    1     4   21   57
      360    1     5   12   48
      361    1     5   12   49
      362    1     5   13   48
      363    1     5   13   49
      364    1     5   12   50
      365    1     5   13   50
      366    1     5   12   51
      367    1     5   13   51
      368    1     5   12   52
      369    1     5   13   52
      370    1     5   12   53
      371    1     5   13   53
      372    1     5   14   48
      373    1     5   14   49
      374    1     5   14   50
      375    1     5   14   51
      376    1     5   14   52
      377    1     5   14   53
      378    1     5   15   48
      379    1     5   15   49
      380    1     5   15   50
      381    1     5   15   51
      382    1     5   15   52
      383    1     5   15   53
      384    1     5   16   53
      385    1     5   16   52
      386    1     5   16   51
      387    1     5   16   50
      388    1     5   16   48
      389    1     5   16   49
      390    1     5   17   53
      391    1     5   17   52
      392    1     5   17   51
      393    1     5   17   50
      394    1     5   17   48
      395    1     5   17   49
      396    1     5   18   52
      397    1     5   18   53
      398    1     5   18   50
      399    1     5   18   51
      400    1     5   19   53
      401    1     5   18   49
      402    1     5   19   51
      403    1     5   19   52
      404    1     5   18   48
      405    1     5   19   50
      406    1     5   23   49
      407    1     5   23   51
      408    1     5   23   48
      409    1     5   23   53
      410    1     5   23   50
      411    1     5   19   49
      412    1     5   23   52
      413    1     5   20   53
      414    1     5   22   48
      415    1     5   20   52
      416    1     5   22   49
      417    1     5   20   51
      418    1     5   22   50
      419    1     5   19   48
      420    1     5   21   53
      421    1     5   20   50
      422    1     5   21   52
      423    1     5   20   49
      424    1     5   21   50
      425    1     5   21   51
      426    1     5   21   48
      427    1     5   21   49
      428    1     5   22   52
      429    1     5   20   48
      430    1     5   22   51
      431    1     5   22   53
      432    1     6    1   53
      433    1     6    2   48
      434    1     6    1   52
      435    1     6    2   49
      436    1     6    1   51
      437    1     6    2   50
      438    1     6    1   50
      439    1     6    2   51
      440    1     6    1   49
      441    1     6    2   52
      442    1     6    1   48
      443    1     6    2   53
      444    1     6    3   48
      445    1     6    3   49
      446    1     6    0   53
      447    1     6    3   50
      448    1     6    0   52
      449    1     6    3   51
      450    1     6    0   51
      451    1     6    3   52
      452    1     6    0   50
      453    1     6    3   53
      454    1     6    0   49
      455    1     6    4   49
      456    1     6    0   48
      457    1     6    4   51
      458    1     6    4   48
      459    1     6    4   52
      460    1     6    4   50
      461    1     6    4   53
      462    1     6    5   48
      463    1     6    5   49
      464    1     6    5   50
      465    1     6    5   51
      466    1     6    5   52
      467    1     6    5   53
      468    1     6    6   48
      469    1     6    6   49
      470    1     6    6   51
      471    1     6    6   50
      472    1     6    6   53
      473    1     6    6   52
      474    1     6    7   48
      475    1     6    7   49
      476    1     6    7   51
      477    1     6    7   50
      478    1     6    7   53
      479    1     6    7   52
      480    1     6    8   52
      481    1     6    8   53
      482    1     6    8   50
      483    1     6    8   51
      484    1     6    8   48
      485    1     6    8   49
      486    1     6    9   52
      487    1     6    9   53
      488    1     6    9   50
      489    1     6    9   51
      490    1     6    9   48
      491    1     6    9   49
      492    1     6   11   53
      493    1     6   10   53
      494    1     6   11   52
      495    1     6   10   52
      496    1     6   11   51
      497    1     6   10   51
      498    1     6   11   50
      499    1     6   10   50
      500    1     6   10   48
      501    1     6   10   49
      502    1     6   11   48
      503    1     6   11   49
      504    1     7    0   58
      505    1     7    3   55
      506    1     7    0   57
      507    1     7    2   56
      508    1     7    0   56
      509    1     7    2   57
      510    1     7    0   55
      511    1     7    3   56
      512    1     7    0   54
      513    1     7    3   57
      514    1     7    0   59
      515    1     7    2   58
      516    1     7    1   54
      517    1     7    2   59
      518    1     7    1   55
      519    1     7    3   58
      520    1     7    1   56
      521    1     7    3   59
      522    1     7    1   57
      523    1     7    4   55
      524    1     7    1   58
      525    1     7    4   54
      526    1     7    1   59
      527    1     7    4   56
      528    1     7    3   54
      529    1     7    4   57
      530    1     7    2   54
      531    1     7    4   58
      532    1     7    2   55
      533    1     7    4   59
      534    1     7    5   54
      535    1     7    5   56
      536    1     7    5   55
      537    1     7    5   57
      538    1     7    5   58
      539    1     7    5   59
      540    1     7    6   54
      541    1     7    6   55
      542    1     7    6   56
      543    1     7    6   57
      544    1     7    6   58
      545    1     7    6   59
      546    1     7    7   59
      547    1     7    7   58
      548    1     7    7   57
      549    1     7    7   56
      550    1     7    7   54
      551    1     7    7   55
      552    1     7    8   58
      553    1     7    8   59
      554    1     7    8   56
      555    1     7    8   57
      556    1     7    8   54
      557    1     7    8   55
      558    1     7    9   58
      559    1     7    9   59
      560    1     7    9   56
      561    1     7    9   57
      562    1     7    9   54
      563    1     7    9   55
      564    1     7   10   58
      565    1     7   10   59
      566    1     7   10   56
      567    1     7   10   57
      568    1     7   10   54
      569    1     7   10   55
      570    1     7   11   56
      571    1     7   11   57
      572    1     7   11   55
      573    1     7   11   58
      574    1     7   11   54
      575    1     7   11   59
      576    2     8   12   42
      577    2     8   12   47
      578    2     8   12   43
      579    2     8   12   46
      580    2     8   12   44
      581    2     8   12   45
      582    2     8   13   42
      583    2     8   13   44
      584    2     8   13   43
      585    2     8   13   46
      586    2     8   13   45
      587    2     8   14   43
      588    2     8   13   47
      589    2     8   14   44
      590    2     8   14   42
      591    2     8   14   46
      592    2     8   14   45
      593    2     8   15   43
      594    2     8   14   47
      595    2     8   15   44
      596    2     8   15   42
      597    2     8   15   46
      598    2     8   15   45
      599    2     8   16   47
      600    2     8   15   47
      601    2     8   16   44
      602    2     8   16   43
      603    2     8   16   46
      604    2     8   16   42
      605    2     8   16   45
      606    2     8   17   46
      607    2     8   17   47
      608    2     8   17   43
      609    2     8   17   45
      610    2     8   17   42
      611    2     8   17   44
      612    2     8   18   42
      613    2     8   18   47
      614    2     8   20   44
      615    2     8   18   46
      616    2     8   20   43
      617    2     8   18   45
      618    2     8   21   45
      619    2     8   19   47
      620    2     8   23   46
      621    2     8   19   46
      622    2     8   22   45
      623    2     8   18   44
      624    2     8   23   45
      625    2     8   18   43
      626    2     8   23   42
      627    2     8   19   45
      628    2     8   22   42
      629    2     8   20   47
      630    2     8   23   43
      631    2     8   20   46
      632    2     8   22   43
      633    2     8   21   47
      634    2     8   19   42
      635    2     8   19   44
      636    2     8   23   44
      637    2     8   19   43
      638    2     8   21   42
      639    2     8   21   46
      640    2     8   21   44
      641    2     8   22   47
      642    2     8   22   44
      643    2     8   23   47
      644    2     8   21   43
      645    2     8   20   45
      646    2     8   20   42
      647    2     8   22   46
      648    2     9   12   38
      649    2     9   12   39
      650    2     9   12   37
      651    2     9   12   40
      652    2     9   12   36
      653    2     9   12   41
      654    2     9   13   37
      655    2     9   13   40
      656    2     9   13   38
      657    2     9   13   39
      658    2     9   13   36
      659    2     9   13   41
      660    2     9   14   38
      661    2     9   14   39
      662    2     9   14   37
      663    2     9   14   40
      664    2     9   14   36
      665    2     9   14   41
      666    2     9   15   38
      667    2     9   15   41
      668    2     9   15   37
      669    2     9   15   39
      670    2     9   15   36
      671    2     9   15   40
      672    2     9   16   36
      673    2     9   16   41
      674    2     9   16   37
      675    2     9   16   39
      676    2     9   16   38
      677    2     9   16   40
      678    2     9   17   36
      679    2     9   17   41
      680    2     9   17   37
      681    2     9   18   41
      682    2     9   17   38
      683    2     9   17   39
      684    2     9   18   36
      685    2     9   19   41
      686    2     9   19   36
      687    2     9   17   40
      688    2     9   20   36
      689    2     9   20   41
      690    2     9   21   36
      691    2     9   21   41
      692    2     9   22   36
      693    2     9   22   41
      694    2     9   23   36
      695    2     9   23   41
      696    2     9   18   38
      697    2     9   18   40
      698    2     9   18   37
      699    2     9   18   39
      700    2     9   22   37
      701    2     9   23   40
      702    2     9   19   37
      703    2     9   22   40
      704    2     9   22   38
      705    2     9   21   40
      706    2     9   21   37
      707    2     9   19   40
      708    2     9   19   38
      709    2     9   19   39
      710    2     9   20   37
      711    2     9   23   39
      712    2     9   21   38
      713    2     9   23   38
      714    2     9   21   39
      715    2     9   22   39
      716    2     9   20   39
      717    2     9   23   37
      718    2     9   20   38
      719    2     9   20   40
      720    2    10    3   38
      721    2    10    3   40
      722    2    10    3   39
      723    2    10    0   38
      724    2    10    2   39
      725    2    10    1   39
      726    2    10    2   38
      727    2    10    0   37
      728    2    10    3   37
      729    2    10    0   39
      730    2    10    4   38
      731    2    10    4   39
      732    2    10    2   37
      733    2    10    4   40
      734    2    10    1   38
      735    2    10    2   40
      736    2    10    4   37
      737    2    10    1   40
      738    2    10    1   37
      739    2    10    0   40
      740    2    10    5   37
      741    2    10    5   39
      742    2    10    5   38
      743    2    10    5   40
      744    2    10    0   36
      745    2    10    0   41
      746    2    10    1   36
      747    2    10    1   41
      748    2    10    2   36
      749    2    10    2   41
      750    2    10    3   36
      751    2    10    3   41
      752    2    10    4   36
      753    2    10    6   40
      754    2    10    5   36
      755    2    10    4   41
      756    2    10    6   38
      757    2    10    6   39
      758    2    10    6   37
      759    2    10    5   41
      760    2    10    6   36
      761    2    10    6   41
      762    2    10    7   38
      763    2    10    7   39
      764    2    10    7   37
      765    2    10    7   40
      766    2    10    7   36
      767    2    10    7   41
      768    2    10    8   36
      769    2    10    8   39
      770    2    10    8   37
      771    2    10    8   40
      772    2    10    8   38
      773    2    10    8   41
      774    2    10    9   36
      775    2    10    9   41
      776    2    10    9   37
      777    2    10    9   40
      778    2    10    9   38
      779    2    10    9   39
      780    2    10   10   36
      781    2    10   10   41
      782    2    10   10   38
      783    2    10   10   39
      784    2    10   10   37
      785    2    10   10   40
      786    2    10   11   36
      787    2    10   11   41
      788    2    10   11   37
      789    2    10   11   40
      790    2    10   11   38
      791    2    10   11   39
      792    2    11    2   43
      793    2    11    2   45
      794    2    11    1   43
      795    2    11    1   45
      796    2    11    0   43
      797    2    11    0   45
      798    2    11    2   42
      799    2    11    0   46
      800    2    11    0   44
      801    2    11    1   46
      802    2    11    1   44
      803    2    11    2   46
      804    2    11    2   44
      805    2    11    3   46
      806    2    11    3   42
      807    2    11    0   47
      808    2    11    3   43
      809    2    11    1   47
      810    2    11    3   44
      811    2    11    2   47
      812    2    11    3   45
      813    2    11    3   47
      814    2    11    1   42
      815    2    11    4   45
      816    2    11    0   42
      817    2    11    4   46
      818    2    11    4   42
      819    2    11    4   47
      820    2    11    4   43
      821    2    11    5   44
      822    2    11    4   44
      823    2    11    5   45
      824    2    11    5   43
      825    2    11    5   46
      826    2    11    5   42
      827    2    11    5   47
      828    2    11    6   42
      829    2    11    6   45
      830    2    11    6   43
      831    2    11    6   46
      832    2    11    6   44
      833    2    11    6   47
      834    2    11    7   42
      835    2    11    7   45
      836    2    11    7   43
      837    2    11    7   46
      838    2    11    7   44
      839    2    11    7   47
      840    2    11    8   43
      841    2    11    8   47
      842    2    11    8   42
      843    2    11    8   46
      844    2    11    9   47
      845    2    11    8   45
      846    2    11    9   44
      847    2    11    8   44
      848    2    11    9   42
      849    2    11    9   46
      850    2    11    9   43
      851    2    11   10   47
      852    2    11   10   44
      853    2    11    9   45
      854    2    11   10   43
      855    2    11   10   46
      856    2    11   10   42
      857    2    11   10   45
      858    2    11   11   44
      859    2    11   11   45
      860    2    11   11   43
      861    2    11   11   46
      862    2    11   11   42
      863    2    11   11   47
      864    3    12   12   32
      865    3    12   12   33
      866    3    12   12   31
      867    3    12   12   34
      868    3    12   12   30
      869    3    12   12   35
      870    3    12   13   31
      871    3    12   13   34
      872    3    12   13   32
      873    3    12   13   33
      874    3    12   13   30
      875    3    12   13   35
      876    3    12   14   32
      877    3    12   14   33
      878    3    12   14   31
      879    3    12   14   34
      880    3    12   14   30
      881    3    12   14   35
      882    3    12   15   30
      883    3    12   15   33
      884    3    12   15   32
      885    3    12   15   34
      886    3    12   15   31
      887    3    12   15   35
      888    3    12   16   30
      889    3    12   16   35
      890    3    12   16   31
      891    3    12   16   34
      892    3    12   16   32
      893    3    12   16   33
      894    3    12   17   30
      895    3    12   17   35
      896    3    12   18   30
      897    3    12   17   34
      898    3    12   17   32
      899    3    12   17   33
      900    3    12   19   30
      901    3    12   18   35
      902    3    12   17   31
      903    3    12   19   35
      904    3    12   20   30
      905    3    12   20   35
      906    3    12   21   30
      907    3    12   21   35
      908    3    12   22   30
      909    3    12   22   35
      910    3    12   23   30
      911    3    12   23   35
      912    3    12   18   31
      913    3    12   18   33
      914    3    12   18   32
      915    3    12   18   34
      916    3    12   23   31
      917    3    12   22   34
      918    3    12   22   31
      919    3    12   19   34
      920    3    12   21   31
      921    3    12   22   33
      922    3    12   19   31
      923    3    12   21   34
      924    3    12   19   32
      925    3    12   19   33
      926    3    12   23   32
      927    3    12   20   34
      928    3    12   23   33
      929    3    12   21   33
      930    3    12   22   32
      931    3    12   21   32
      932    3    12   23   34
      933    3    12   20   32
      934    3    12   20   31
      935    3    12   20   33
      936    3    13   12   24
      937    3    13   12   29
      938    3    13   12   25
      939    3    13   12   28
      940    3    13   12   26
      941    3    13   12   27
      942    3    13   13   27
      943    3    13   13   29
      944    3    13   13   25
      945    3    13   13   28
      946    3    13   14   28
      947    3    13   13   26
      948    3    13   14   27
      949    3    13   13   24
      950    3    13   14   25
      951    3    13   14   29
      952    3    13   15   28
      953    3    13   14   26
      954    3    13   15   27
      955    3    13   14   24
      956    3    13   15   25
      957    3    13   15   29
      958    3    13   16   24
      959    3    13   15   26
      960    3    13   16   27
      961    3    13   15   24
      962    3    13   16   25
      963    3    13   16   28
      964    3    13   16   26
      965    3    13   16   29
      966    3    13   17   24
      967    3    13   17   25
      968    3    13   17   26
      969    3    13   17   28
      970    3    13   17   27
      971    3    13   17   29
      972    3    13   18   24
      973    3    13   18   29
      974    3    13   18   25
      975    3    13   20   27
      976    3    13   18   26
      977    3    13   20   28
      978    3    13   19   24
      979    3    13   21   26
      980    3    13   19   25
      981    3    13   23   25
      982    3    13   18   27
      983    3    13   22   26
      984    3    13   18   28
      985    3    13   23   26
      986    3    13   19   26
      987    3    13   23   29
      988    3    13   20   24
      989    3    13   22   29
      990    3    13   20   25
      991    3    13   23   28
      992    3    13   21   24
      993    3    13   22   28
      994    3    13   19   27
      995    3    13   19   29
      996    3    13   19   28
      997    3    13   23   27
      998    3    13   21   25
      999    3    13   21   29
     1000    3    13   22   24
     1001    3    13   21   27
     1002    3    13   23   24
     1003    3    13   22   27
     1004    3    13   20   26
     1005    3    13   21   28
     1006    3    13   22   25
     1007    3    13   20   29
     1008    3    14    2   26
     1009    3    14    2   28
     1010    3    14    1   26
     1011    3    14    1   28
     1012    3    14    0   26
     1013    3    14    0   28
     1014    3    14    0   25
     1015    3    14    2   29
     1016    3    14    1   25
     1017    3    14    0   27
     1018    3    14    2   25
     1019    3    14    1   27
     1020    3    14    3   25
     1021    3    14    2   27
     1022    3    14    0   24
     1023    3    14    3   29
     1024    3    14    1   24
     1025    3    14    3   28
     1026    3    14    2   24
     1027    3    14    3   27
     1028    3    14    3   24
     1029    3    14    3   26
     1030    3    14    4   26
     1031    3    14    1   29
     1032    3    14    4   25
     1033    3    14    0   29
     1034    3    14    4   24
     1035    3    14    4   29
     1036    3    14    5   27
     1037    3    14    4   28
     1038    3    14    5   26
     1039    3    14    4   27
     1040    3    14    5   25
     1041    3    14    5   28
     1042    3    14    5   24
     1043    3    14    5   29
     1044    3    14    6   26
     1045    3    14    6   29
     1046    3    14    6   25
     1047    3    14    6   28
     1048    3    14    6   24
     1049    3    14    6   27
     1050    3    14    7   26
     1051    3    14    7   29
     1052    3    14    7   25
     1053    3    14    7   28
     1054    3    14    7   24
     1055    3    14    7   27
     1056    3    14    8   24
     1057    3    14    8   28
     1058    3    14    8   25
     1059    3    14    8   29
     1060    3    14    8   26
     1061    3    14    9   24
     1062    3    14    8   27
     1063    3    14    9   27
     1064    3    14    9   25
     1065    3    14    9   29
     1066    3    14   10   24
     1067    3    14    9   28
     1068    3    14    9   26
     1069    3    14   10   27
     1070    3    14   10   25
     1071    3    14   10   28
     1072    3    14   10   26
     1073    3    14   10   29
     1074    3    14   11   26
     1075    3    14   11   27
     1076    3    14   11   25
     1077    3    14   11   28
     1078    3    14   11   24
     1079    3    14   11   29
     1080    3    15    3   31
     1081    3    15    3   33
     1082    3    15    0   33
     1083    3    15    3   32
     1084    3    15    1   32
     1085    3    15    2   32
     1086    3    15    0   34
     1087    3    15    2   33
     1088    3    15    0   32
     1089    3    15    3   34
     1090    3    15    4   32
     1091    3    15    4   33
     1092    3    15    4   31
     1093    3    15    2   34
     1094    3    15    2   31
     1095    3    15    1   33
     1096    3    15    1   31
     1097    3    15    4   34
     1098    3    15    0   31
     1099    3    15    1   34
     1100    3    15    5   32
     1101    3    15    5   34
     1102    3    15    5   31
     1103    3    15    5   33
     1104    3    15    0   30
     1105    3    15    0   35
     1106    3    15    1   30
     1107    3    15    1   35
     1108    3    15    2   30
     1109    3    15    2   35
     1110    3    15    4   30
     1111    3    15    3   35
     1112    3    15    6   31
     1113    3    15    4   35
     1114    3    15    3   30
     1115    3    15    5   35
     1116    3    15    6   32
     1117    3    15    6   33
     1118    3    15    5   30
     1119    3    15    6   34
     1120    3    15    6   30
     1121    3    15    6   35
     1122    3    15    7   32
     1123    3    15    7   33
     1124    3    15    7   31
     1125    3    15    7   34
     1126    3    15    7   30
     1127    3    15    7   35
     1128    3    15    8   32
     1129    3    15    8   35
     1130    3    15    8   31
     1131    3    15    8   34
     1132    3    15    8   30
     1133    3    15    8   33
     1134    3    15    9   30
     1135    3    15    9   35
     1136    3    15    9   31
     1137    3    15    9   34
     1138    3    15    9   32
     1139    3    15    9   33
     1140    3    15   10   30
     1141    3    15   10   35
     1142    3    15   10   32
     1143    3    15   10   33
     1144    3    15   10   31
     1145    3    15   10   34
     1146    3    15   11   30
     1147    3    15   11   35
     1148    3    15   11   31
     1149    3    15   11   34
     1150    3    15   11   32
     1151    3    15   11   33
     1152    4    16   12   22
     1153    4    16   12   23
     1154    4    16   13   22
     1155    4    16   13   23
     1156    4    16   13   21
     1157    4    16   12   21
     1158    4    16   13   20
     1159    4    16   12   20
     1160    4    16   13   19
     1161    4    16   12   19
     1162    4    16   13   18
     1163    4    16   12   18
     1164    4    16   14   22
     1165    4    16   14   23
     1166    4    16   14   20
     1167    4    16   14   21
     1168    4    16   14   18
     1169    4    16   14   19
     1170    4    16   15   22
     1171    4    16   15   23
     1172    4    16   15   20
     1173    4    16   15   21
     1174    4    16   15   18
     1175    4    16   15   19
     1176    4    16   16   19
     1177    4    16   16   18
     1178    4    16   16   21
     1179    4    16   16   20
     1180    4    16   16   22
     1181    4    16   16   23
     1182    4    16   17   19
     1183    4    16   17   18
     1184    4    16   17   21
     1185    4    16   17   20
     1186    4    16   17   22
     1187    4    16   17   23
     1188    4    16   18   18
     1189    4    16   18   19
     1190    4    16   18   20
     1191    4    16   18   21
     1192    4    16   18   22
     1193    4    16   19   18
     1194    4    16   19   19
     1195    4    16   19   20
     1196    4    16   19   21
     1197    4    16   18   23
     1198    4    16   23   20
     1199    4    16   23   22
     1200    4    16   23   18
     1201    4    16   23   23
     1202    4    16   19   22
     1203    4    16   23   21
     1204    4    16   20   18
     1205    4    16   23   19
     1206    4    16   20   19
     1207    4    16   22   23
     1208    4    16   20   20
     1209    4    16   22   22
     1210    4    16   19   23
     1211    4    16   22   21
     1212    4    16   20   21
     1213    4    16   21   18
     1214    4    16   20   22
     1215    4    16   21   19
     1216    4    16   21   20
     1217    4    16   21   21
     1218    4    16   21   22
     1219    4    16   21   23
     1220    4    16   20   23
     1221    4    16   22   19
     1222    4    16   22   18
     1223    4    16   22   20
     1224    4    17   12   12
     1225    4    17   12   17
     1226    4    17   12   13
     1227    4    17   12   16
     1228    4    17   12   14
     1229    4    17   12   15
     1230    4    17   13   16
     1231    4    17   13   17
     1232    4    17   13   14
     1233    4    17   13   15
     1234    4    17   13   12
     1235    4    17   13   13
     1236    4    17   14   17
     1237    4    17   14   16
     1238    4    17   14   14
     1239    4    17   14   15
     1240    4    17   14   12
     1241    4    17   14   13
     1242    4    17   15   16
     1243    4    17   15   17
     1244    4    17   15   14
     1245    4    17   15   15
     1246    4    17   15   12
     1247    4    17   15   13
     1248    4    17   16   16
     1249    4    17   16   17
     1250    4    17   16   15
     1251    4    17   16   14
     1252    4    17   16   13
     1253    4    17   16   12
     1254    4    17   17   12
     1255    4    17   17   13
     1256    4    17   17   14
     1257    4    17   17   15
     1258    4    17   17   16
     1259    4    17   17   17
     1260    4    17   18   12
     1261    4    17   18   13
     1262    4    17   18   14
     1263    4    17   18   15
     1264    4    17   18   16
     1265    4    17   18   17
     1266    4    17   19   12
     1267    4    17   21   15
     1268    4    17   19   13
     1269    4    17   21   16
     1270    4    17   19   14
     1271    4    17   21   17
     1272    4    17   19   15
     1273    4    17   22   12
     1274    4    17   19   16
     1275    4    17   22   13
     1276    4    17   19   17
     1277    4    17   22   14
     1278    4    17   20   12
     1279    4    17   22   15
     1280    4    17   20   13
     1281    4    17   22   16
     1282    4    17   20   14
     1283    4    17   22   17
     1284    4    17   20   15
     1285    4    17   23   12
     1286    4    17   20   16
     1287    4    17   23   17
     1288    4    17   20   17
     1289    4    17   23   16
     1290    4    17   21   12
     1291    4    17   23   15
     1292    4    17   21   13
     1293    4    17   23   14
     1294    4    17   21   14
     1295    4    17   23   13
     1296    4    18    3   16
     1297    4    18    0   13
     1298    4    18    2   15
     1299    4    18    0   14
     1300    4    18    2   14
     1301    4    18    0   15
     1302    4    18    3   15
     1303    4    18    0   16
     1304    4    18    3   14
     1305    4    18    0   17
     1306    4    18    2   13
     1307    4    18    0   12
     1308    4    18    2   12
     1309    4    18    1   17
     1310    4    18    3   13
     1311    4    18    1   16
     1312    4    18    3   12
     1313    4    18    1   15
     1314    4    18    4   16
     1315    4    18    1   14
     1316    4    18    4   17
     1317    4    18    1   13
     1318    4    18    4   15
     1319    4    18    1   12
     1320    4    18    4   14
     1321    4    18    3   17
     1322    4    18    4   13
     1323    4    18    2   17
     1324    4    18    4   12
     1325    4    18    2   16
     1326    4    18    5   15
     1327    4    18    5   17
     1328    4    18    5   14
     1329    4    18    5   16
     1330    4    18    5   12
     1331    4    18    5   13
     1332    4    18    6   16
     1333    4    18    6   17
     1334    4    18    6   14
     1335    4    18    6   15
     1336    4    18    6   12
     1337    4    18    6   13
     1338    4    18    7   13
     1339    4    18    7   12
     1340    4    18    7   15
     1341    4    18    7   14
     1342    4    18    7   16
     1343    4    18    7   17
     1344    4    18    8   12
     1345    4    18    8   13
     1346    4    18    8   14
     1347    4    18    8   15
     1348    4    18    8   16
     1349    4    18    8   17
     1350    4    18    9   12
     1351    4    18    9   13
     1352    4    18    9   14
     1353    4    18    9   15
     1354    4    18    9   16
     1355    4    18    9   17
     1356    4    18   10   12
     1357    4    18   10   13
     1358    4    18   10   14
     1359    4    18   10   15
     1360    4    18   10   16
     1361    4    18   10   17
     1362    4    18   11   14
     1363    4    18   11   15
     1364    4    18   11   13
     1365    4    18   11   16
     1366    4    18   11   12
     1367    4    18   11   17
     1368    4    19    2   23
     1369    4    19    1   18
     1370    4    19    2   22
     1371    4    19    1   19
     1372    4    19    2   21
     1373    4    19    1   20
     1374    4    19    2   20
     1375    4    19    1   21
     1376    4    19    2   19
     1377    4    19    1   22
     1378    4    19    2   18
     1379    4    19    1   23
     1380    4    19    3   22
     1381    4    19    3   23
     1382    4    19    3   21
     1383    4    19    0   18
     1384    4    19    3   20
     1385    4    19    0   19
     1386    4    19    3   19
     1387    4    19    0   20
     1388    4    19    3   18
     1389    4    19    0   21
     1390    4    19    4   22
     1391    4    19    0   22
     1392    4    19    4   20
     1393    4    19    0   23
     1394    4    19    4   19
     1395    4    19    4   23
     1396    4    19    4   18
     1397    4    19    4   21
     1398    4    19    5   22
     1399    4    19    5   23
     1400    4    19    5   20
     1401    4    19    5   21
     1402    4    19    5   18
     1403    4    19    5   19
     1404    4    19    6   22
     1405    4    19    6   23
     1406    4    19    6   21
     1407    4    19    6   20
     1408    4    19    6   19
     1409    4    19    6   18
     1410    4    19    7   22
     1411    4    19    7   23
     1412    4    19    7   21
     1413    4    19    7   20
     1414    4    19    7   19
     1415    4    19    7   18
     1416    4    19    8   18
     1417    4    19    8   19
     1418    4    19    8   20
     1419    4    19    8   21
     1420    4    19    8   22
     1421    4    19    8   23
     1422    4    19    9   18
     1423    4    19    9   19
     1424    4    19    9   20
     1425    4    19    9   21
     1426    4    19    9   22
     1427    4    19    9   23
     1428    4    19   10   18
     1429    4    19   11   18
     1430    4    19   10   19
     1431    4    19   11   19
     1432    4    19   10   20
     1433    4    19   11   20
     1434    4    19   10   21
     1435    4    19   11   21
     1436    4    19   10   22
     1437    4    19   10   23
     1438    4    19   11   22
     1439    4    19   11   23
     1440    5    20   12   10
     1441    5    20   12   11
     1442    5    20   12    8
     1443    5    20   12    9
     1444    5    20   12    6
     1445    5    20   12    7
     1446    5    20   13   10
     1447    5    20   13   11
     1448    5    20   13    8
     1449    5    20   13    9
     1450    5    20   14   10
     1451    5    20   13    7
     1452    5    20   13    6
     1453    5    20   14   11
     1454    5    20   14    8
     1455    5    20   14    9
     1456    5    20   14    6
     1457    5    20   14    7
     1458    5    20   15   10
     1459    5    20   15   11
     1460    5    20   15    8
     1461    5    20   15    9
     1462    5    20   15    6
     1463    5    20   15    7
     1464    5    20   16   10
     1465    5    20   16   11
     1466    5    20   16    8
     1467    5    20   16    9
     1468    5    20   16    6
     1469    5    20   16    7
     1470    5    20   17    7
     1471    5    20   17    6
     1472    5    20   17   10
     1473    5    20   17    9
     1474    5    20   17    8
     1475    5    20   17   11
     1476    5    20   18    7
     1477    5    20   18    6
     1478    5    20   18    9
     1479    5    20   18    8
     1480    5    20   19    7
     1481    5    20   19    6
     1482    5    20   18   11
     1483    5    20   18   10
     1484    5    20   19    9
     1485    5    20   19    8
     1486    5    20   20    9
     1487    5    20   20    8
     1488    5    20   19   11
     1489    5    20   19   10
     1490    5    20   20    6
     1491    5    20   20    7
     1492    5    20   20   11
     1493    5    20   20   10
     1494    5    20   21    7
     1495    5    20   21    6
     1496    5    20   21    9
     1497    5    20   21    8
     1498    5    20   21   11
     1499    5    20   21   10
     1500    5    20   22    7
     1501    5    20   22    6
     1502    5    20   22    9
     1503    5    20   22    8
     1504    5    20   22   11
     1505    5    20   22   10
     1506    5    20   23   10
     1507    5    20   23   11
     1508    5    20   23    8
     1509    5    20   23    9
     1510    5    20   23    6
     1511    5    20   23    7
     1512    5    21   12    5
     1513    5    21   12    4
     1514    5    21   12    3
     1515    5    21   12    2
     1516    5    21   12    1
     1517    5    21   12    0
     1518    5    21   13    5
     1519    5    21   13    4
     1520    5    21   13    3
     1521    5    21   13    2
     1522    5    21   13    1
     1523    5    21   13    0
     1524    5    21   14    5
     1525    5    21   14    4
     1526    5    21   14    3
     1527    5    21   14    2
     1528    5    21   14    1
     1529    5    21   14    0
     1530    5    21   15    5
     1531    5    21   15    4
     1532    5    21   15    3
     1533    5    21   15    2
     1534    5    21   15    1
     1535    5    21   15    0
     1536    5    21   16    5
     1537    5    21   16    4
     1538    5    21   16    3
     1539    5    21   16    2
     1540    5    21   16    1
     1541    5    21   16    0
     1542    5    21   17    5
     1543    5    21   17    4
     1544    5    21   17    3
     1545    5    21   17    2
     1546    5    21   17    1
     1547    5    21   17    0
     1548    5    21   18    0
     1549    5    21   18    1
     1550    5    21   18    2
     1551    5    21   18    3
     1552    5    21   18    4
     1553    5    21   18    5
     1554    5    21   19    0
     1555    5    21   19    1
     1556    5    21   19    2
     1557    5    21   19    3
     1558    5    21   19    4
     1559    5    21   19    5
     1560    5    21   20    0
     1561    5    21   20    1
     1562    5    21   20    2
     1563    5    21   20    3
     1564    5    21   20    4
     1565    5    21   20    5
     1566    5    21   21    0
     1567    5    21   21    1
     1568    5    21   21    2
     1569    5    21   21    3
     1570    5    21   21    4
     1571    5    21   21    5
     1572    5    21   22    0
     1573    5    21   22    1
     1574    5    21   22    2
     1575    5    21   22    3
     1576    5    21   22    4
     1577    5    21   22    5
     1578    5    21   23    0
     1579    5    21   23    1
     1580    5    21   23    2
     1581    5    21   23    3
     1582    5    21   23    4
     1583    5    21   23    5
     1584    5    22    1    0
     1585    5    22    0    5
     1586    5    22    1    1
     1587    5    22    0    4
     1588    5    22    1    2
     1589    5    22    0    3
     1590    5    22    1    3
     1591    5    22    0    2
     1592    5    22    1    4
     1593    5    22    0    1
     1594    5    22    1    5
     1595    5    22    0    0
     1596    5    22    2    4
     1597    5    22    2    5
     1598    5    22    2    2
     1599    5    22    2    3
     1600    5    22    2    0
     1601    5    22    2    1
     1602    5    22    3    5
     1603    5    22    4    5
     1604    5    22    3    3
     1605    5    22    3    4
     1606    5    22    3    1
     1607    5    22    3    2
     1608    5    22    4    4
     1609    5    22    3    0
     1610    5    22    4    2
     1611    5    22    4    3
     1612    5    22    4    1
     1613    5    22    5    5
     1614    5    22    5    4
     1615    5    22    4    0
     1616    5    22    5    2
     1617    5    22    5    3
     1618    5    22    5    0
     1619    5    22    5    1
     1620    5    22    6    4
     1621    5    22    6    5
     1622    5    22    6    2
     1623    5    22    6    3
     1624    5    22    6    0
     1625    5    22    6    1
     1626    5    22    7    1
     1627    5    22    7    0
     1628    5    22    7    3
     1629    5    22    7    2
     1630    5    22    7    5
     1631    5    22    7    4
     1632    5    22    8    1
     1633    5    22    8    0
     1634    5    22    8    3
     1635    5    22    8    2
     1636    5    22    8    5
     1637    5    22    8    4
     1638    5    22    9    1
     1639    5    22    9    0
     1640    5    22    9    3
     1641    5    22    9    2
     1642    5    22    9    5
     1643    5    22    9    4
     1644    5    22   10    1
     1645    5    22   10    0
     1646    5    22   10    3
     1647    5    22   10    2
     1648    5    22   10    5
     1649    5    22   10    4
     1650    5    22   11    1
     1651    5    22   11    0
     1652    5    22   11    3
     1653    5    22   11    2
     1654    5    22   11    5
     1655    5    22   11    4
     1656    5    23    1    6
     1657    5    23    0    6
     1658    5    23    1    7
     1659    5    23    0    7
     1660    5    23    1    8
     1661    5    23    0    8
     1662    5    23    1    9
     1663    5    23    0    9
     1664    5    23    1   10
     1665    5    23    0   10
     1666    5    23    1   11
     1667    5    23    0   11
     1668    5    23    2   11
     1669    5    23    2   10
     1670    5    23    2    9
     1671    5    23    3   11
     1672    5    23    4   11
     1673    5    23    4   10
     1674    5    23    2    8
     1675    5    23    2    7
     1676    5    23    2    6
     1677    5    23    3   10
     1678    5    23    3    9
     1679    5    23    5   11
     1680    5    23    5   10
     1681    5    23    5    9
     1682    5    23    4    9
     1683    5    23    3    8
     1684    5    23    4    8
     1685    5    23    5    8
     1686    5    23    3    7
     1687    5    23    4    7
     1688    5    23    5    7
     1689    5    23    3    6
     1690    5    23    4    6
     1691    5    23    5    6
     1692    5    23    6   11
     1693    5    23    6   10
     1694    5    23    6    9
     1695    5    23    6    8
     1696    5    23    6    7
     1697    5    23    6    6
     1698    5    23    7   11
     1699    5    23    7   10
     1700    5    23    7    9
     1701    5    23    7    8
     1702    5    23    7    7
     1703    5    23    7    6
     1704    5    23    8    6
     1705    5    23    8    7
     1706    5    23    8    8
     1707    5    23    8    9
     1708    5    23    8   10
     1709    5    23    8   11
     1710    5    23    9    6
     1711    5    23    9    7
     1712    5    23    9    8
     1713    5    23    9    9
     1714    5    23    9   10
     1715    5    23    9   11
     1716    5    23   10    6
     1717    5    23   10    7
     1718    5    23   10    8
     1719    5    23   10    9
     1720    5    23   10   10
     1721    5    23   10   11
     1722    5    23   11    6
     1723    5    23   11    7
     1724    5    23   11    8
     1725    5    23   11    9
     1726    5    23   11   10
     1727    5    23   11   11
