--------------------------------------			
Mapping	one		
03/14/2010			
			
			
--------------------------------------			
"#ASIC	#row	#column #pad"			
--------------------------------------			
0	23	71	33
0	22	71	30
0	21	71	27
0	20	71	24
0	19	71	21
0	18	71	18
0	17	71	15
0	16	71	12
0	15	71	9
0	14	71	6
0	13	71	3
0	12	71	0
2	11	71	33
2	10	71	30
2	9	71	27
2	8	71	24
2	7	71	21
2	6	71	18
2	5	71	15
2	4	71	12
2	3	71	9
2	2	71	6
2	1	71	3
2	0	71	0
1	23	70	33
1	22	70	30
1	21	70	27
1	20	70	24
1	19	70	21
1	18	70	18
1	17	70	15
1	16	70	12
1	15	70	9
1	14	70	6
1	13	70	3
1	12	70	0
3	11	70	33
3	10	70	30
3	9	70	27
3	8	70	24
3	7	70	21
3	6	70	18
3	5	70	15
3	4	70	12
3	3	70	9
3	2	70	6
3	1	70	3
3	0	70	0
0	23	69	34
0	22	69	31
0	21	69	28
0	20	69	25
0	19	69	22
0	18	69	19
0	17	69	16
0	16	69	13
0	15	69	10
0	14	69	7
0	13	69	4
0	12	69	1
2	11	69	34
2	10	69	31
2	9	69	28
2	8	69	25
2	7	69	22
2	6	69	19
2	5	69	16
2	4	69	13
2	3	69	10
2	2	69	7
2	1	69	4
2	0	69	1
1	23	68	34
1	22	68	31
1	21	68	28
1	20	68	25
1	19	68	22
1	18	68	19
1	17	68	16
1	16	68	13
1	15	68	10
1	14	68	7
1	13	68	4
1	12	68	1
3	11	68	34
3	10	68	31
3	9	68	28
3	8	68	25
3	7	68	22
3	6	68	19
3	5	68	16
3	4	68	13
3	3	68	10
3	2	68	7
3	1	68	4
3	0	68	1
0	23	67	35
0	22	67	32
0	21	67	29
0	20	67	26
0	19	67	23
0	18	67	20
0	17	67	17
0	16	67	14
0	15	67	11
0	14	67	8
0	13	67	5
0	12	67	2
2	11	67	35
2	10	67	32
2	9	67	29
2	8	67	26
2	7	67	23
2	6	67	20
2	5	67	17
2	4	67	14
2	3	67	11
2	2	67	8
2	1	67	5
2	0	67	2
1	23	66	35
1	22	66	32
1	21	66	29
1	20	66	26
1	19	66	23
1	18	66	20
1	17	66	17
1	16	66	14
1	15	66	11
1	14	66	8
1	13	66	5
1	12	66	2
3	11	66	35
3	10	66	32
3	9	66	29
3	8	66	26
3	7	66	23
3	6	66	20
3	5	66	17
3	4	66	14
3	3	66	11
3	2	66	8
3	1	66	5
3	0	66	2
0	23	65	36
0	22	65	39
0	21	65	42
0	20	65	45
0	19	65	48
0	18	65	51
0	17	65	54
0	16	65	57
0	15	65	60
0	14	65	63
0	13	65	66
0	12	65	69
2	11	65	36
2	10	65	39
2	9	65	42
2	8	65	45
2	7	65	48
2	6	65	51
2	5	65	54
2	4	65	57
2	3	65	60
2	2	65	63
2	1	65	66
2	0	65	69
1	23	64	36
1	22	64	39
1	21	64	42
1	20	64	45
1	19	64	48
1	18	64	51
1	17	64	54
1	16	64	57
1	15	64	60
1	14	64	63
1	13	64	66
1	12	64	69
3	11	64	36
3	10	64	39
3	9	64	42
3	8	64	45
3	7	64	48
3	6	64	51
3	5	64	54
3	4	64	57
3	3	64	60
3	2	64	63
3	1	64	66
3	0	64	69
0	23	63	37
0	22	63	40
0	21	63	43
0	20	63	46
0	19	63	49
0	18	63	52
0	17	63	55
0	16	63	58
0	15	63	61
0	14	63	64
0	13	63	67
0	12	63	70
2	11	63	37
2	10	63	40
2	9	63	43
2	8	63	46
2	7	63	49
2	6	63	52
2	5	63	55
2	4	63	58
2	3	63	61
2	2	63	64
2	1	63	67
2	0	63	70
1	23	62	37
1	22	62	40
1	21	62	43
1	20	62	46
1	19	62	49
1	18	62	52
1	17	62	55
1	16	62	58
1	15	62	61
1	14	62	64
1	13	62	67
1	12	62	70
3	11	62	37
3	10	62	40
3	9	62	43
3	8	62	46
3	7	62	49
3	6	62	52
3	5	62	55
3	4	62	58
3	3	62	61
3	2	62	64
3	1	62	67
3	0	62	70
0	23	61	38
0	22	61	41
0	21	61	44
0	20	61	47
0	19	61	50
0	18	61	53
0	17	61	56
0	16	61	59
0	15	61	62
0	14	61	65
0	13	61	68
0	12	61	71
2	11	61	38
2	10	61	41
2	9	61	44
2	8	61	47
2	7	61	50
2	6	61	53
2	5	61	56
2	4	61	59
2	3	61	62
2	2	61	65
2	1	61	68
2	0	61	71
1	23	60	38
1	22	60	41
1	21	60	44
1	20	60	47
1	19	60	50
1	18	60	53
1	17	60	56
1	16	60	59
1	15	60	62
1	14	60	65
1	13	60	68
1	12	60	71
3	11	60	38
3	10	60	41
3	9	60	44
3	8	60	47
3	7	60	50
3	6	60	53
3	5	60	56
3	4	60	59
3	3	60	62
3	2	60	65
3	1	60	68
3	0	60	71
0	23	59	33
0	22	59	30
0	21	59	27
0	20	59	24
0	19	59	21
0	18	59	18
0	17	59	15
0	16	59	12
0	15	59	9
0	14	59	6
0	13	59	3
0	12	59	0
2	11	59	33
2	10	59	30
2	9	59	27
2	8	59	24
2	7	59	21
2	6	59	18
2	5	59	15
2	4	59	12
2	3	59	9
2	2	59	6
2	1	59	3
2	0	59	0
1	23	58	33
1	22	58	30
1	21	58	27
1	20	58	24
1	19	58	21
1	18	58	18
1	17	58	15
1	16	58	12
1	15	58	9
1	14	58	6
1	13	58	3
1	12	58	0
3	11	58	33
3	10	58	30
3	9	58	27
3	8	58	24
3	7	58	21
3	6	58	18
3	5	58	15
3	4	58	12
3	3	58	9
3	2	58	6
3	1	58	3
3	0	58	0
0	23	57	34
0	22	57	31
0	21	57	28
0	20	57	25
0	19	57	22
0	18	57	19
0	17	57	16
0	16	57	13
0	15	57	10
0	14	57	7
0	13	57	4
0	12	57	1
2	11	57	34
2	10	57	31
2	9	57	28
2	8	57	25
2	7	57	22
2	6	57	19
2	5	57	16
2	4	57	13
2	3	57	10
2	2	57	7
2	1	57	4
2	0	57	1
1	23	56	34
1	22	56	31
1	21	56	28
1	20	56	25
1	19	56	22
1	18	56	19
1	17	56	16
1	16	56	13
1	15	56	10
1	14	56	7
1	13	56	4
1	12	56	1
3	11	56	34
3	10	56	31
3	9	56	28
3	8	56	25
3	7	56	22
3	6	56	19
3	5	56	16
3	4	56	13
3	3	56	10
3	2	56	7
3	1	56	4
3	0	56	1
0	23	55	35
0	22	55	32
0	21	55	29
0	20	55	26
0	19	55	23
0	18	55	20
0	17	55	17
0	16	55	14
0	15	55	11
0	14	55	8
0	13	55	5
0	12	55	2
2	11	55	35
2	10	55	32
2	9	55	29
2	8	55	26
2	7	55	23
2	6	55	20
2	5	55	17
2	4	55	14
2	3	55	11
2	2	55	8
2	1	55	5
2	0	55	2
1	23	54	35
1	22	54	32
1	21	54	29
1	20	54	26
1	19	54	23
1	18	54	20
1	17	54	17
1	16	54	14
1	15	54	11
1	14	54	8
1	13	54	5
1	12	54	2
3	11	54	35
3	10	54	32
3	9	54	29
3	8	54	26
3	7	54	23
3	6	54	20
3	5	54	17
3	4	54	14
3	3	54	11
3	2	54	8
3	1	54	5
3	0	54	2
0	23	53	36
0	22	53	39
0	21	53	42
0	20	53	45
0	19	53	48
0	18	53	51
0	17	53	54
0	16	53	57
0	15	53	60
0	14	53	63
0	13	53	66
0	12	53	69
2	11	53	36
2	10	53	39
2	9	53	42
2	8	53	45
2	7	53	48
2	6	53	51
2	5	53	54
2	4	53	57
2	3	53	60
2	2	53	63
2	1	53	66
2	0	53	69
1	23	52	36
1	22	52	39
1	21	52	42
1	20	52	45
1	19	52	48
1	18	52	51
1	17	52	54
1	16	52	57
1	15	52	60
1	14	52	63
1	13	52	66
1	12	52	69
3	11	52	36
3	10	52	39
3	9	52	42
3	8	52	45
3	7	52	48
3	6	52	51
3	5	52	54
3	4	52	57
3	3	52	60
3	2	52	63
3	1	52	66
3	0	52	69
0	23	51	37
0	22	51	40
0	21	51	43
0	20	51	46
0	19	51	49
0	18	51	52
0	17	51	55
0	16	51	58
0	15	51	61
0	14	51	64
0	13	51	67
0	12	51	70
2	11	51	37
2	10	51	40
2	9	51	43
2	8	51	46
2	7	51	49
2	6	51	52
2	5	51	55
2	4	51	58
2	3	51	61
2	2	51	64
2	1	51	67
2	0	51	70
1	23	50	37
1	22	50	40
1	21	50	43
1	20	50	46
1	19	50	49
1	18	50	52
1	17	50	55
1	16	50	58
1	15	50	61
1	14	50	64
1	13	50	67
1	12	50	70
3	11	50	37
3	10	50	40
3	9	50	43
3	8	50	46
3	7	50	49
3	6	50	52
3	5	50	55
3	4	50	58
3	3	50	61
3	2	50	64
3	1	50	67
3	0	50	70
0	23	49	38
0	22	49	41
0	21	49	44
0	20	49	47
0	19	49	50
0	18	49	53
0	17	49	56
0	16	49	59
0	15	49	62
0	14	49	65
0	13	49	68
0	12	49	71
2	11	49	38
2	10	49	41
2	9	49	44
2	8	49	47
2	7	49	50
2	6	49	53
2	5	49	56
2	4	49	59
2	3	49	62
2	2	49	65
2	1	49	68
2	0	49	71
1	23	48	38
1	22	48	41
1	21	48	44
1	20	48	47
1	19	48	50
1	18	48	53
1	17	48	56
1	16	48	59
1	15	48	62
1	14	48	65
1	13	48	68
1	12	48	71
3	11	48	38
3	10	48	41
3	9	48	44
3	8	48	47
3	7	48	50
3	6	48	53
3	5	48	56
3	4	48	59
3	3	48	62
3	2	48	65
3	1	48	68
3	0	48	71
0	23	47	33
0	22	47	30
0	21	47	27
0	20	47	24
0	19	47	21
0	18	47	18
0	17	47	15
0	16	47	12
0	15	47	9
0	14	47	6
0	13	47	3
0	12	47	0
2	11	47	33
2	10	47	30
2	9	47	27
2	8	47	24
2	7	47	21
2	6	47	18
2	5	47	15
2	4	47	12
2	3	47	9
2	2	47	6
2	1	47	3
2	0	47	0
1	23	46	33
1	22	46	30
1	21	46	27
1	20	46	24
1	19	46	21
1	18	46	18
1	17	46	15
1	16	46	12
1	15	46	9
1	14	46	6
1	13	46	3
1	12	46	0
3	11	46	33
3	10	46	30
3	9	46	27
3	8	46	24
3	7	46	21
3	6	46	18
3	5	46	15
3	4	46	12
3	3	46	9
3	2	46	6
3	1	46	3
3	0	46	0
0	23	45	34
0	22	45	31
0	21	45	28
0	20	45	25
0	19	45	22
0	18	45	19
0	17	45	16
0	16	45	13
0	15	45	10
0	14	45	7
0	13	45	4
0	12	45	1
2	11	45	34
2	10	45	31
2	9	45	28
2	8	45	25
2	7	45	22
2	6	45	19
2	5	45	16
2	4	45	13
2	3	45	10
2	2	45	7
2	1	45	4
2	0	45	1
1	23	44	34
1	22	44	31
1	21	44	28
1	20	44	25
1	19	44	22
1	18	44	19
1	17	44	16
1	16	44	13
1	15	44	10
1	14	44	7
1	13	44	4
1	12	44	1
3	11	44	34
3	10	44	31
3	9	44	28
3	8	44	25
3	7	44	22
3	6	44	19
3	5	44	16
3	4	44	13
3	3	44	10
3	2	44	7
3	1	44	4
3	0	44	1
0	23	43	35
0	22	43	32
0	21	43	29
0	20	43	26
0	19	43	23
0	18	43	20
0	17	43	17
0	16	43	14
0	15	43	11
0	14	43	8
0	13	43	5
0	12	43	2
2	11	43	35
2	10	43	32
2	9	43	29
2	8	43	26
2	7	43	23
2	6	43	20
2	5	43	17
2	4	43	14
2	3	43	11
2	2	43	8
2	1	43	5
2	0	43	2
1	23	42	35
1	22	42	32
1	21	42	29
1	20	42	26
1	19	42	23
1	18	42	20
1	17	42	17
1	16	42	14
1	15	42	11
1	14	42	8
1	13	42	5
1	12	42	2
3	11	42	35
3	10	42	32
3	9	42	29
3	8	42	26
3	7	42	23
3	6	42	20
3	5	42	17
3	4	42	14
3	3	42	11
3	2	42	8
3	1	42	5
3	0	42	2
0	23	41	36
0	22	41	39
0	21	41	42
0	20	41	45
0	19	41	48
0	18	41	51
0	17	41	54
0	16	41	57
0	15	41	60
0	14	41	63
0	13	41	66
0	12	41	69
2	11	41	36
2	10	41	39
2	9	41	42
2	8	41	45
2	7	41	48
2	6	41	51
2	5	41	54
2	4	41	57
2	3	41	60
2	2	41	63
2	1	41	66
2	0	41	69
1	23	40	36
1	22	40	39
1	21	40	42
1	20	40	45
1	19	40	48
1	18	40	51
1	17	40	54
1	16	40	57
1	15	40	60
1	14	40	63
1	13	40	66
1	12	40	69
3	11	40	36
3	10	40	39
3	9	40	42
3	8	40	45
3	7	40	48
3	6	40	51
3	5	40	54
3	4	40	57
3	3	40	60
3	2	40	63
3	1	40	66
3	0	40	69
0	23	39	37
0	22	39	40
0	21	39	43
0	20	39	46
0	19	39	49
0	18	39	52
0	17	39	55
0	16	39	58
0	15	39	61
0	14	39	64
0	13	39	67
0	12	39	70
2	11	39	37
2	10	39	40
2	9	39	43
2	8	39	46
2	7	39	49
2	6	39	52
2	5	39	55
2	4	39	58
2	3	39	61
2	2	39	64
2	1	39	67
2	0	39	70
1	23	38	37
1	22	38	40
1	21	38	43
1	20	38	46
1	19	38	49
1	18	38	52
1	17	38	55
1	16	38	58
1	15	38	61
1	14	38	64
1	13	38	67
1	12	38	70
3	11	38	37
3	10	38	40
3	9	38	43
3	8	38	46
3	7	38	49
3	6	38	52
3	5	38	55
3	4	38	58
3	3	38	61
3	2	38	64
3	1	38	67
3	0	38	70
0	23	37	38
0	22	37	41
0	21	37	44
0	20	37	47
0	19	37	50
0	18	37	53
0	17	37	56
0	16	37	59
0	15	37	62
0	14	37	65
0	13	37	68
0	12	37	71
2	11	37	38
2	10	37	41
2	9	37	44
2	8	37	47
2	7	37	50
2	6	37	53
2	5	37	56
2	4	37	59
2	3	37	62
2	2	37	65
2	1	37	68
2	0	37	71
1	23	36	38
1	22	36	41
1	21	36	44
1	20	36	47
1	19	36	50
1	18	36	53
1	17	36	56
1	16	36	59
1	15	36	62
1	14	36	65
1	13	36	68
1	12	36	71
3	11	36	38
3	10	36	41
3	9	36	44
3	8	36	47
3	7	36	50
3	6	36	53
3	5	36	56
3	4	36	59
3	3	36	62
3	2	36	65
3	1	36	68
3	0	36	71
1	23	35	33
1	22	35	30
1	21	35	27
1	20	35	24
1	19	35	21
1	18	35	18
1	17	35	15
1	16	35	12
1	15	35	9
1	14	35	6
1	13	35	3
1	12	35	0
3	11	35	33
3	10	35	30
3	9	35	27
3	8	35	24
3	7	35	21
3	6	35	18
3	5	35	15
3	4	35	12
3	3	35	9
3	2	35	6
3	1	35	3
3	0	35	0
0	23	34	33
0	22	34	30
0	21	34	27
0	20	34	24
0	19	34	21
0	18	34	18
0	17	34	15
0	16	34	12
0	15	34	9
0	14	34	6
0	13	34	3
0	12	34	0
2	11	34	33
2	10	34	30
2	9	34	27
2	8	34	24
2	7	34	21
2	6	34	18
2	5	34	15
2	4	34	12
2	3	34	9
2	2	34	6
2	1	34	3
2	0	34	0
1	23	33	34
1	22	33	31
1	21	33	28
1	20	33	25
1	19	33	22
1	18	33	19
1	17	33	16
1	16	33	13
1	15	33	10
1	14	33	7
1	13	33	4
1	12	33	1
3	11	33	34
3	10	33	31
3	9	33	28
3	8	33	25
3	7	33	22
3	6	33	19
3	5	33	16
3	4	33	13
3	3	33	10
3	2	33	7
3	1	33	4
3	0	33	1
0	23	32	34
0	22	32	31
0	21	32	28
0	20	32	25
0	19	32	22
0	18	32	19
0	17	32	16
0	16	32	13
0	15	32	10
0	14	32	7
0	13	32	4
0	12	32	1
2	11	32	34
2	10	32	31
2	9	32	28
2	8	32	25
2	7	32	22
2	6	32	19
2	5	32	16
2	4	32	13
2	3	32	10
2	2	32	7
2	1	32	4
2	0	32	1
1	23	31	35
1	22	31	32
1	21	31	29
1	20	31	26
1	19	31	23
1	18	31	20
1	17	31	17
1	16	31	14
1	15	31	11
1	14	31	8
1	13	31	5
1	12	31	2
3	11	31	35
3	10	31	32
3	9	31	29
3	8	31	26
3	7	31	23
3	6	31	20
3	5	31	17
3	4	31	14
3	3	31	11
3	2	31	8
3	1	31	5
3	0	31	2
0	23	30	35
0	22	30	32
0	21	30	29
0	20	30	26
0	19	30	23
0	18	30	20
0	17	30	17
0	16	30	14
0	15	30	11
0	14	30	8
0	13	30	5
0	12	30	2
2	11	30	35
2	10	30	32
2	9	30	29
2	8	30	26
2	7	30	23
2	6	30	20
2	5	30	17
2	4	30	14
2	3	30	11
2	2	30	8
2	1	30	5
2	0	30	2
1	23	29	36
1	22	29	39
1	21	29	42
1	20	29	45
1	19	29	48
1	18	29	51
1	17	29	54
1	16	29	57
1	15	29	60
1	14	29	63
1	13	29	66
1	12	29	69
3	11	29	36
3	10	29	39
3	9	29	42
3	8	29	45
3	7	29	48
3	6	29	51
3	5	29	54
3	4	29	57
3	3	29	60
3	2	29	63
3	1	29	66
3	0	29	69
0	23	28	36
0	22	28	39
0	21	28	42
0	20	28	45
0	19	28	48
0	18	28	51
0	17	28	54
0	16	28	57
0	15	28	60
0	14	28	63
0	13	28	66
0	12	28	69
2	11	28	36
2	10	28	39
2	9	28	42
2	8	28	45
2	7	28	48
2	6	28	51
2	5	28	54
2	4	28	57
2	3	28	60
2	2	28	63
2	1	28	66
2	0	28	69
1	23	27	37
1	22	27	40
1	21	27	43
1	20	27	46
1	19	27	49
1	18	27	52
1	17	27	55
1	16	27	58
1	15	27	61
1	14	27	64
1	13	27	67
1	12	27	70
3	11	27	37
3	10	27	40
3	9	27	43
3	8	27	46
3	7	27	49
3	6	27	52
3	5	27	55
3	4	27	58
3	3	27	61
3	2	27	64
3	1	27	67
3	0	27	70
0	23	26	37
0	22	26	40
0	21	26	43
0	20	26	46
0	19	26	49
0	18	26	52
0	17	26	55
0	16	26	58
0	15	26	61
0	14	26	64
0	13	26	67
0	12	26	70
2	11	26	37
2	10	26	40
2	9	26	43
2	8	26	46
2	7	26	49
2	6	26	52
2	5	26	55
2	4	26	58
2	3	26	61
2	2	26	64
2	1	26	67
2	0	26	70
1	23	25	38
1	22	25	41
1	21	25	44
1	20	25	47
1	19	25	50
1	18	25	53
1	17	25	56
1	16	25	59
1	15	25	62
1	14	25	65
1	13	25	68
1	12	25	71
3	11	25	38
3	10	25	41
3	9	25	44
3	8	25	47
3	7	25	50
3	6	25	53
3	5	25	56
3	4	25	59
3	3	25	62
3	2	25	65
3	1	25	68
3	0	25	71
0	23	24	38
0	22	24	41
0	21	24	44
0	20	24	47
0	19	24	50
0	18	24	53
0	17	24	56
0	16	24	59
0	15	24	62
0	14	24	65
0	13	24	68
0	12	24	71
2	11	24	38
2	10	24	41
2	9	24	44
2	8	24	47
2	7	24	50
2	6	24	53
2	5	24	56
2	4	24	59
2	3	24	62
2	2	24	65
2	1	24	68
2	0	24	71
1	23	23	33
1	22	23	30
1	21	23	27
1	20	23	24
1	19	23	21
1	18	23	18
1	17	23	15
1	16	23	12
1	15	23	9
1	14	23	6
1	13	23	3
1	12	23	0
3	11	23	33
3	10	23	30
3	9	23	27
3	8	23	24
3	7	23	21
3	6	23	18
3	5	23	15
3	4	23	12
3	3	23	9
3	2	23	6
3	1	23	3
3	0	23	0
0	23	22	33
0	22	22	30
0	21	22	27
0	20	22	24
0	19	22	21
0	18	22	18
0	17	22	15
0	16	22	12
0	15	22	9
0	14	22	6
0	13	22	3
0	12	22	0
2	11	22	33
2	10	22	30
2	9	22	27
2	8	22	24
2	7	22	21
2	6	22	18
2	5	22	15
2	4	22	12
2	3	22	9
2	2	22	6
2	1	22	3
2	0	22	0
1	23	21	34
1	22	21	31
1	21	21	28
1	20	21	25
1	19	21	22
1	18	21	19
1	17	21	16
1	16	21	13
1	15	21	10
1	14	21	7
1	13	21	4
1	12	21	1
3	11	21	34
3	10	21	31
3	9	21	28
3	8	21	25
3	7	21	22
3	6	21	19
3	5	21	16
3	4	21	13
3	3	21	10
3	2	21	7
3	1	21	4
3	0	21	1
0	23	20	34
0	22	20	31
0	21	20	28
0	20	20	25
0	19	20	22
0	18	20	19
0	17	20	16
0	16	20	13
0	15	20	10
0	14	20	7
0	13	20	4
0	12	20	1
2	11	20	34
2	10	20	31
2	9	20	28
2	8	20	25
2	7	20	22
2	6	20	19
2	5	20	16
2	4	20	13
2	3	20	10
2	2	20	7
2	1	20	4
2	0	20	1
1	23	19	35
1	22	19	32
1	21	19	29
1	20	19	26
1	19	19	23
1	18	19	20
1	17	19	17
1	16	19	14
1	15	19	11
1	14	19	8
1	13	19	5
1	12	19	2
3	11	19	35
3	10	19	32
3	9	19	29
3	8	19	26
3	7	19	23
3	6	19	20
3	5	19	17
3	4	19	14
3	3	19	11
3	2	19	8
3	1	19	5
3	0	19	2
0	23	18	35
0	22	18	32
0	21	18	29
0	20	18	26
0	19	18	23
0	18	18	20
0	17	18	17
0	16	18	14
0	15	18	11
0	14	18	8
0	13	18	5
0	12	18	2
2	11	18	35
2	10	18	32
2	9	18	29
2	8	18	26
2	7	18	23
2	6	18	20
2	5	18	17
2	4	18	14
2	3	18	11
2	2	18	8
2	1	18	5
2	0	18	2
1	23	17	36
1	22	17	39
1	21	17	42
1	20	17	45
1	19	17	48
1	18	17	51
1	17	17	54
1	16	17	57
1	15	17	60
1	14	17	63
1	13	17	66
1	12	17	69
3	11	17	36
3	10	17	39
3	9	17	42
3	8	17	45
3	7	17	48
3	6	17	51
3	5	17	54
3	4	17	57
3	3	17	60
3	2	17	63
3	1	17	66
3	0	17	69
0	23	16	36
0	22	16	39
0	21	16	42
0	20	16	45
0	19	16	48
0	18	16	51
0	17	16	54
0	16	16	57
0	15	16	60
0	14	16	63
0	13	16	66
0	12	16	69
2	11	16	36
2	10	16	39
2	9	16	42
2	8	16	45
2	7	16	48
2	6	16	51
2	5	16	54
2	4	16	57
2	3	16	60
2	2	16	63
2	1	16	66
2	0	16	69
1	23	15	37
1	22	15	40
1	21	15	43
1	20	15	46
1	19	15	49
1	18	15	52
1	17	15	55
1	16	15	58
1	15	15	61
1	14	15	64
1	13	15	67
1	12	15	70
3	11	15	37
3	10	15	40
3	9	15	43
3	8	15	46
3	7	15	49
3	6	15	52
3	5	15	55
3	4	15	58
3	3	15	61
3	2	15	64
3	1	15	67
3	0	15	70
0	23	14	37
0	22	14	40
0	21	14	43
0	20	14	46
0	19	14	49
0	18	14	52
0	17	14	55
0	16	14	58
0	15	14	61
0	14	14	64
0	13	14	67
0	12	14	70
2	11	14	37
2	10	14	40
2	9	14	43
2	8	14	46
2	7	14	49
2	6	14	52
2	5	14	55
2	4	14	58
2	3	14	61
2	2	14	64
2	1	14	67
2	0	14	70
1	23	13	38
1	22	13	41
1	21	13	44
1	20	13	47
1	19	13	50
1	18	13	53
1	17	13	56
1	16	13	59
1	15	13	62
1	14	13	65
1	13	13	68
1	12	13	71
3	11	13	38
3	10	13	41
3	9	13	44
3	8	13	47
3	7	13	50
3	6	13	53
3	5	13	56
3	4	13	59
3	3	13	62
3	2	13	65
3	1	13	68
3	0	13	71
0	23	12	38
0	22	12	41
0	21	12	44
0	20	12	47
0	19	12	50
0	18	12	53
0	17	12	56
0	16	12	59
0	15	12	62
0	14	12	65
0	13	12	68
0	12	12	71
2	11	12	38
2	10	12	41
2	9	12	44
2	8	12	47
2	7	12	50
2	6	12	53
2	5	12	56
2	4	12	59
2	3	12	62
2	2	12	65
2	1	12	68
2	0	12	71
1	23	11	33
1	22	11	30
1	21	11	27
1	20	11	24
1	19	11	21
1	18	11	18
1	17	11	15
1	16	11	12
1	15	11	9
1	14	11	6
1	13	11	3
1	12	11	0
3	11	11	33
3	10	11	30
3	9	11	27
3	8	11	24
3	7	11	21
3	6	11	18
3	5	11	15
3	4	11	12
3	3	11	9
3	2	11	6
3	1	11	3
3	0	11	0
0	23	10	33
0	22	10	30
0	21	10	27
0	20	10	24
0	19	10	21
0	18	10	18
0	17	10	15
0	16	10	12
0	15	10	9
0	14	10	6
0	13	10	3
0	12	10	0
2	11	10	33
2	10	10	30
2	9	10	27
2	8	10	24
2	7	10	21
2	6	10	18
2	5	10	15
2	4	10	12
2	3	10	9
2	2	10	6
2	1	10	3
2	0	10	0
1	23	9	34
1	22	9	31
1	21	9	28
1	20	9	25
1	19	9	22
1	18	9	19
1	17	9	16
1	16	9	13
1	15	9	10
1	14	9	7
1	13	9	4
1	12	9	1
3	11	9	34
3	10	9	31
3	9	9	28
3	8	9	25
3	7	9	22
3	6	9	19
3	5	9	16
3	4	9	13
3	3	9	10
3	2	9	7
3	1	9	4
3	0	9	1
0	23	8	34
0	22	8	31
0	21	8	28
0	20	8	25
0	19	8	22
0	18	8	19
0	17	8	16
0	16	8	13
0	15	8	10
0	14	8	7
0	13	8	4
0	12	8	1
2	11	8	34
2	10	8	31
2	9	8	28
2	8	8	25
2	7	8	22
2	6	8	19
2	5	8	16
2	4	8	13
2	3	8	10
2	2	8	7
2	1	8	4
2	0	8	1
1	23	7	35
1	22	7	32
1	21	7	29
1	20	7	26
1	19	7	23
1	18	7	20
1	17	7	17
1	16	7	14
1	15	7	11
1	14	7	8
1	13	7	5
1	12	7	2
3	11	7	35
3	10	7	32
3	9	7	29
3	8	7	26
3	7	7	23
3	6	7	20
3	5	7	17
3	4	7	14
3	3	7	11
3	2	7	8
3	1	7	5
3	0	7	2
0	23	6	35
0	22	6	32
0	21	6	29
0	20	6	26
0	19	6	23
0	18	6	20
0	17	6	17
0	16	6	14
0	15	6	11
0	14	6	8
0	13	6	5
0	12	6	2
2	11	6	35
2	10	6	32
2	9	6	29
2	8	6	26
2	7	6	23
2	6	6	20
2	5	6	17
2	4	6	14
2	3	6	11
2	2	6	8
2	1	6	5
2	0	6	2
1	23	5	36
1	22	5	39
1	21	5	42
1	20	5	45
1	19	5	48
1	18	5	51
1	17	5	54
1	16	5	57
1	15	5	60
1	14	5	63
1	13	5	66
1	12	5	69
3	11	5	36
3	10	5	39
3	9	5	42
3	8	5	45
3	7	5	48
3	6	5	51
3	5	5	54
3	4	5	57
3	3	5	60
3	2	5	63
3	1	5	66
3	0	5	69
0	23	4	36
0	22	4	39
0	21	4	42
0	20	4	45
0	19	4	48
0	18	4	51
0	17	4	54
0	16	4	57
0	15	4	60
0	14	4	63
0	13	4	66
0	12	4	69
2	11	4	36
2	10	4	39
2	9	4	42
2	8	4	45
2	7	4	48
2	6	4	51
2	5	4	54
2	4	4	57
2	3	4	60
2	2	4	63
2	1	4	66
2	0	4	69
1	23	3	37
1	22	3	40
1	21	3	43
1	20	3	46
1	19	3	49
1	18	3	52
1	17	3	55
1	16	3	58
1	15	3	61
1	14	3	64
1	13	3	67
1	12	3	70
3	11	3	37
3	10	3	40
3	9	3	43
3	8	3	46
3	7	3	49
3	6	3	52
3	5	3	55
3	4	3	58
3	3	3	61
3	2	3	64
3	1	3	67
3	0	3	70
0	23	2	37
0	22	2	40
0	21	2	43
0	20	2	46
0	19	2	49
0	18	2	52
0	17	2	55
0	16	2	58
0	15	2	61
0	14	2	64
0	13	2	67
0	12	2	70
2	11	2	37
2	10	2	40
2	9	2	43
2	8	2	46
2	7	2	49
2	6	2	52
2	5	2	55
2	4	2	58
2	3	2	61
2	2	2	64
2	1	2	67
2	0	2	70
1	23	1	38
1	22	1	41
1	21	1	44
1	20	1	47
1	19	1	50
1	18	1	53
1	17	1	56
1	16	1	59
1	15	1	62
1	14	1	65
1	13	1	68
1	12	1	71
3	11	1	38
3	10	1	41
3	9	1	44
3	8	1	47
3	7	1	50
3	6	1	53
3	5	1	56
3	4	1	59
3	3	1	62
3	2	1	65
3	1	1	68
3	0	1	71
0	23	0	38
0	22	0	41
0	21	0	44
0	20	0	47
0	19	0	50
0	18	0	53
0	17	0	56
0	16	0	59
0	15	0	62
0	14	0	65
0	13	0	68
0	12	0	71
2	11	0	38
2	10	0	41
2	9	0	44
2	8	0	47
2	7	0	50
2	6	0	53
2	5	0	56
2	4	0	59
2	3	0	62
2	2	0	65
2	1	0	68
2	0	0	71
