half_width 116.97
ymin       1426.67
ymax       1599.50
    0    0    0  -104.6079   -86.4150  2.9084  7.0417
    1    0    1  -101.7071   -86.2052  2.9084  7.0417
    2    0    2   -98.8059   -86.0014  2.9084  7.0417
    3    0    3   -95.9042   -85.8035  2.9084  7.0417
    4    0    4   -93.0022   -85.6114  2.9084  7.0417
    5    0    5   -90.0998   -85.4253  2.9084  7.0417
    6    0    6   -87.1970   -85.2451  2.9084  7.0417
    7    0    7   -84.2939   -85.0707  2.9084  7.0417
    8    0    8   -81.3904   -84.9023  2.9084  7.0417
    9    0    9   -78.4866   -84.7398  2.9084  7.0417
   10    0   10   -75.5824   -84.5832  2.9084  7.0417
   11    0   11   -72.6780   -84.4325  2.9084  7.0417
   12    0   12   -69.7732   -84.2876  2.9084  7.0417
   13    0   13   -66.8681   -84.1487  2.9084  7.0417
   14    0   14   -63.9628   -84.0157  2.9084  7.0417
   15    0   15   -61.0572   -83.8887  2.9084  7.0417
   16    0   16   -58.1514   -83.7675  2.9084  7.0417
   17    0   17   -55.2453   -83.6522  2.9084  7.0417
   18    0   18   -52.3390   -83.5428  2.9084  7.0417
   19    0   19   -49.4325   -83.4394  2.9084  7.0417
   20    0   20   -46.5257   -83.3418  2.9084  7.0417
   21    0   21   -43.6188   -83.2502  2.9084  7.0417
   22    0   22   -40.7117   -83.1645  2.9084  7.0417
   23    0   23   -37.8044   -83.0847  2.9084  7.0417
   24    0   24   -34.8970   -83.0107  2.9084  7.0417
   25    0   25   -31.9894   -82.9428  2.9084  7.0417
   26    0   26   -29.0817   -82.8807  2.9084  7.0417
   27    0   27   -26.1739   -82.8245  2.9084  7.0417
   28    0   28   -23.2659   -82.7742  2.9084  7.0417
   29    0   29   -20.3579   -82.7299  2.9084  7.0417
   30    0   30   -17.4498   -82.6915  2.9084  7.0417
   31    0   31   -14.5416   -82.6589  2.9084  7.0417
   32    0   32   -11.6334   -82.6323  2.9084  7.0417
   33    0   33    -8.7251   -82.6116  2.9084  7.0417
   34    0   34    -5.8167   -82.5969  2.9084  7.0417
   35    0   35    -2.9084   -82.5880  2.9084  7.0417
   36    0   36     0.0000   -82.5850  2.9084  7.0417
   37    0   37     2.9084   -82.5880  2.9084  7.0417
   38    0   38     5.8167   -82.5969  2.9084  7.0417
   39    0   39     8.7251   -82.6116  2.9084  7.0417
   40    0   40    11.6334   -82.6323  2.9084  7.0417
   41    0   41    14.5416   -82.6589  2.9084  7.0417
   42    0   42    17.4498   -82.6915  2.9084  7.0417
   43    0   43    20.3579   -82.7299  2.9084  7.0417
   44    0   44    23.2659   -82.7742  2.9084  7.0417
   45    0   45    26.1739   -82.8245  2.9084  7.0417
   46    0   46    29.0817   -82.8807  2.9084  7.0417
   47    0   47    31.9894   -82.9428  2.9084  7.0417
   48    0   48    34.8970   -83.0107  2.9084  7.0417
   49    0   49    37.8044   -83.0847  2.9084  7.0417
   50    0   50    40.7117   -83.1645  2.9084  7.0417
   51    0   51    43.6188   -83.2502  2.9084  7.0417
   52    0   52    46.5257   -83.3418  2.9084  7.0417
   53    0   53    49.4325   -83.4394  2.9084  7.0417
   54    0   54    52.3390   -83.5428  2.9084  7.0417
   55    0   55    55.2453   -83.6522  2.9084  7.0417
   56    0   56    58.1514   -83.7675  2.9084  7.0417
   57    0   57    61.0572   -83.8887  2.9084  7.0417
   58    0   58    63.9628   -84.0157  2.9084  7.0417
   59    0   59    66.8681   -84.1487  2.9084  7.0417
   60    0   60    69.7732   -84.2876  2.9084  7.0417
   61    0   61    72.6780   -84.4325  2.9084  7.0417
   62    0   62    75.5824   -84.5832  2.9084  7.0417
   63    0   63    78.4866   -84.7398  2.9084  7.0417
   64    0   64    81.3904   -84.9023  2.9084  7.0417
   65    0   65    84.2939   -85.0707  2.9084  7.0417
   66    0   66    87.1970   -85.2451  2.9084  7.0417
   67    0   67    90.0998   -85.4253  2.9084  7.0417
   68    0   68    93.0022   -85.6114  2.9084  7.0417
   69    0   69    95.9042   -85.8035  2.9084  7.0417
   70    0   70    98.8059   -86.0014  2.9084  7.0417
   71    0   71   101.7071   -86.2052  2.9084  7.0417
   72    1    0  -105.1228   -79.3922  2.9227  7.0417
   73    1    1  -102.2077   -79.1814  2.9227  7.0417
   74    1    2   -99.2922   -78.9766  2.9227  7.0417
   75    1    3   -96.3763   -78.7777  2.9227  7.0417
   76    1    4   -93.4600   -78.5847  2.9227  7.0417
   77    1    5   -90.5433   -78.3976  2.9227  7.0417
   78    1    6   -87.6263   -78.2165  2.9227  7.0417
   79    1    7   -84.7088   -78.0413  2.9227  7.0417
   80    1    8   -81.7910   -77.8721  2.9227  7.0417
   81    1    9   -78.8729   -77.7087  2.9227  7.0417
   82    1   10   -75.9545   -77.5513  2.9227  7.0417
   83    1   11   -73.0357   -77.3999  2.9227  7.0417
   84    1   12   -70.1167   -77.2544  2.9227  7.0417
   85    1   13   -67.1973   -77.1148  2.9227  7.0417
   86    1   14   -64.2777   -76.9811  2.9227  7.0417
   87    1   15   -61.3578   -76.8534  2.9227  7.0417
   88    1   16   -58.4376   -76.7316  2.9227  7.0417
   89    1   17   -55.5172   -76.6158  2.9227  7.0417
   90    1   18   -52.5966   -76.5059  2.9227  7.0417
   91    1   19   -49.6758   -76.4019  2.9227  7.0417
   92    1   20   -46.7547   -76.3039  2.9227  7.0417
   93    1   21   -43.8335   -76.2118  2.9227  7.0417
   94    1   22   -40.9121   -76.1257  2.9227  7.0417
   95    1   23   -37.9905   -76.0454  2.9227  7.0417
   96    1   24   -35.0688   -75.9712  2.9227  7.0417
   97    1   25   -32.1469   -75.9028  2.9227  7.0417
   98    1   26   -29.2249   -75.8405  2.9227  7.0417
   99    1   27   -26.3027   -75.7840  2.9227  7.0417
  100    1   28   -23.3805   -75.7335  2.9227  7.0417
  101    1   29   -20.4581   -75.6889  2.9227  7.0417
  102    1   30   -17.5357   -75.6503  2.9227  7.0417
  103    1   31   -14.6132   -75.6176  2.9227  7.0417
  104    1   32   -11.6906   -75.5909  2.9227  7.0417
  105    1   33    -8.7680   -75.5701  2.9227  7.0417
  106    1   34    -5.8454   -75.5552  2.9227  7.0417
  107    1   35    -2.9227   -75.5463  2.9227  7.0417
  108    1   36     0.0000   -75.5434  2.9227  7.0417
  109    1   37     2.9227   -75.5463  2.9227  7.0417
  110    1   38     5.8454   -75.5552  2.9227  7.0417
  111    1   39     8.7680   -75.5701  2.9227  7.0417
  112    1   40    11.6906   -75.5909  2.9227  7.0417
  113    1   41    14.6132   -75.6176  2.9227  7.0417
  114    1   42    17.5357   -75.6503  2.9227  7.0417
  115    1   43    20.4581   -75.6889  2.9227  7.0417
  116    1   44    23.3805   -75.7335  2.9227  7.0417
  117    1   45    26.3027   -75.7840  2.9227  7.0417
  118    1   46    29.2249   -75.8405  2.9227  7.0417
  119    1   47    32.1469   -75.9028  2.9227  7.0417
  120    1   48    35.0688   -75.9712  2.9227  7.0417
  121    1   49    37.9905   -76.0454  2.9227  7.0417
  122    1   50    40.9121   -76.1257  2.9227  7.0417
  123    1   51    43.8335   -76.2118  2.9227  7.0417
  124    1   52    46.7547   -76.3039  2.9227  7.0417
  125    1   53    49.6758   -76.4019  2.9227  7.0417
  126    1   54    52.5966   -76.5059  2.9227  7.0417
  127    1   55    55.5172   -76.6158  2.9227  7.0417
  128    1   56    58.4376   -76.7316  2.9227  7.0417
  129    1   57    61.3578   -76.8534  2.9227  7.0417
  130    1   58    64.2777   -76.9811  2.9227  7.0417
  131    1   59    67.1973   -77.1148  2.9227  7.0417
  132    1   60    70.1167   -77.2544  2.9227  7.0417
  133    1   61    73.0357   -77.3999  2.9227  7.0417
  134    1   62    75.9545   -77.5513  2.9227  7.0417
  135    1   63    78.8729   -77.7087  2.9227  7.0417
  136    1   64    81.7910   -77.8721  2.9227  7.0417
  137    1   65    84.7088   -78.0413  2.9227  7.0417
  138    1   66    87.6263   -78.2165  2.9227  7.0417
  139    1   67    90.5433   -78.3976  2.9227  7.0417
  140    1   68    93.4600   -78.5847  2.9227  7.0417
  141    1   69    96.3763   -78.7777  2.9227  7.0417
  142    1   70    99.2922   -78.9766  2.9227  7.0417
  143    1   71   102.2077   -79.1814  2.9227  7.0417
  144    2    0  -105.6378   -72.3693  2.9370  7.0417
  145    2    1  -102.7084   -72.1576  2.9370  7.0417
  146    2    2   -99.7786   -71.9517  2.9370  7.0417
  147    2    3   -96.8484   -71.7518  2.9370  7.0417
  148    2    4   -93.9178   -71.5579  2.9370  7.0417
  149    2    5   -90.9868   -71.3699  2.9370  7.0417
  150    2    6   -88.0555   -71.1879  2.9370  7.0417
  151    2    7   -85.1238   -71.0119  2.9370  7.0417
  152    2    8   -82.1917   -70.8418  2.9370  7.0417
  153    2    9   -79.2593   -70.6777  2.9370  7.0417
  154    2   10   -76.3265   -70.5195  2.9370  7.0417
  155    2   11   -73.3935   -70.3673  2.9370  7.0417
  156    2   12   -70.4601   -70.2211  2.9370  7.0417
  157    2   13   -67.5265   -70.0808  2.9370  7.0417
  158    2   14   -64.5925   -69.9465  2.9370  7.0417
  159    2   15   -61.6583   -69.8182  2.9370  7.0417
  160    2   16   -58.7239   -69.6958  2.9370  7.0417
  161    2   17   -55.7892   -69.5794  2.9370  7.0417
  162    2   18   -52.8543   -69.4689  2.9370  7.0417
  163    2   19   -49.9191   -69.3645  2.9370  7.0417
  164    2   20   -46.9838   -69.2659  2.9370  7.0417
  165    2   21   -44.0482   -69.1734  2.9370  7.0417
  166    2   22   -41.1125   -69.0868  2.9370  7.0417
  167    2   23   -38.1766   -69.0062  2.9370  7.0417
  168    2   24   -35.2405   -68.9316  2.9370  7.0417
  169    2   25   -32.3043   -68.8629  2.9370  7.0417
  170    2   26   -29.3680   -68.8002  2.9370  7.0417
  171    2   27   -26.4316   -68.7435  2.9370  7.0417
  172    2   28   -23.4950   -68.6928  2.9370  7.0417
  173    2   29   -20.5583   -68.6480  2.9370  7.0417
  174    2   30   -17.6216   -68.6092  2.9370  7.0417
  175    2   31   -14.6848   -68.5763  2.9370  7.0417
  176    2   32   -11.7479   -68.5495  2.9370  7.0417
  177    2   33    -8.8110   -68.5286  2.9370  7.0417
  178    2   34    -5.8740   -68.5136  2.9370  7.0417
  179    2   35    -2.9370   -68.5047  2.9370  7.0417
  180    2   36     0.0000   -68.5017  2.9370  7.0417
  181    2   37     2.9370   -68.5047  2.9370  7.0417
  182    2   38     5.8740   -68.5136  2.9370  7.0417
  183    2   39     8.8110   -68.5286  2.9370  7.0417
  184    2   40    11.7479   -68.5495  2.9370  7.0417
  185    2   41    14.6848   -68.5763  2.9370  7.0417
  186    2   42    17.6216   -68.6092  2.9370  7.0417
  187    2   43    20.5583   -68.6480  2.9370  7.0417
  188    2   44    23.4950   -68.6928  2.9370  7.0417
  189    2   45    26.4316   -68.7435  2.9370  7.0417
  190    2   46    29.3680   -68.8002  2.9370  7.0417
  191    2   47    32.3043   -68.8629  2.9370  7.0417
  192    2   48    35.2405   -68.9316  2.9370  7.0417
  193    2   49    38.1766   -69.0062  2.9370  7.0417
  194    2   50    41.1125   -69.0868  2.9370  7.0417
  195    2   51    44.0482   -69.1734  2.9370  7.0417
  196    2   52    46.9838   -69.2659  2.9370  7.0417
  197    2   53    49.9191   -69.3645  2.9370  7.0417
  198    2   54    52.8543   -69.4689  2.9370  7.0417
  199    2   55    55.7892   -69.5794  2.9370  7.0417
  200    2   56    58.7239   -69.6958  2.9370  7.0417
  201    2   57    61.6583   -69.8182  2.9370  7.0417
  202    2   58    64.5925   -69.9465  2.9370  7.0417
  203    2   59    67.5265   -70.0808  2.9370  7.0417
  204    2   60    70.4601   -70.2211  2.9370  7.0417
  205    2   61    73.3935   -70.3673  2.9370  7.0417
  206    2   62    76.3265   -70.5195  2.9370  7.0417
  207    2   63    79.2593   -70.6777  2.9370  7.0417
  208    2   64    82.1917   -70.8418  2.9370  7.0417
  209    2   65    85.1238   -71.0119  2.9370  7.0417
  210    2   66    88.0555   -71.1879  2.9370  7.0417
  211    2   67    90.9868   -71.3699  2.9370  7.0417
  212    2   68    93.9178   -71.5579  2.9370  7.0417
  213    2   69    96.8484   -71.7518  2.9370  7.0417
  214    2   70    99.7786   -71.9517  2.9370  7.0417
  215    2   71   102.7084   -72.1576  2.9370  7.0417
  216    3    0  -106.1527   -65.3465  2.9513  7.0417
  217    3    1  -103.2090   -65.1337  2.9513  7.0417
  218    3    2  -100.2650   -64.9269  2.9513  7.0417
  219    3    3   -97.3205   -64.7260  2.9513  7.0417
  220    3    4   -94.3756   -64.5311  2.9513  7.0417
  221    3    5   -91.4304   -64.3423  2.9513  7.0417
  222    3    6   -88.4847   -64.1594  2.9513  7.0417
  223    3    7   -85.5387   -63.9825  2.9513  7.0417
  224    3    8   -82.5923   -63.8115  2.9513  7.0417
  225    3    9   -79.6456   -63.6466  2.9513  7.0417
  226    3   10   -76.6986   -63.4877  2.9513  7.0417
  227    3   11   -73.7512   -63.3347  2.9513  7.0417
  228    3   12   -70.8036   -63.1878  2.9513  7.0417
  229    3   13   -67.8556   -63.0468  2.9513  7.0417
  230    3   14   -64.9074   -62.9119  2.9513  7.0417
  231    3   15   -61.9589   -62.7829  2.9513  7.0417
  232    3   16   -59.0101   -62.6599  2.9513  7.0417
  233    3   17   -56.0611   -62.5430  2.9513  7.0417
  234    3   18   -53.1119   -62.4320  2.9513  7.0417
  235    3   19   -50.1625   -62.3270  2.9513  7.0417
  236    3   20   -47.2128   -62.2280  2.9513  7.0417
  237    3   21   -44.2629   -62.1350  2.9513  7.0417
  238    3   22   -41.3129   -62.0480  2.9513  7.0417
  239    3   23   -38.3627   -61.9670  2.9513  7.0417
  240    3   24   -35.4123   -61.8920  2.9513  7.0417
  241    3   25   -32.4618   -61.8230  2.9513  7.0417
  242    3   26   -29.5112   -61.7600  2.9513  7.0417
  243    3   27   -26.5604   -61.7030  2.9513  7.0417
  244    3   28   -23.6095   -61.6520  2.9513  7.0417
  245    3   29   -20.6585   -61.6070  2.9513  7.0417
  246    3   30   -17.7075   -61.5680  2.9513  7.0417
  247    3   31   -14.7563   -61.5350  2.9513  7.0417
  248    3   32   -11.8052   -61.5080  2.9513  7.0417
  249    3   33    -8.8539   -61.4870  2.9513  7.0417
  250    3   34    -5.9026   -61.4720  2.9513  7.0417
  251    3   35    -2.9513   -61.4630  2.9513  7.0417
  252    3   36     0.0000   -61.4600  2.9513  7.0417
  253    3   37     2.9513   -61.4630  2.9513  7.0417
  254    3   38     5.9026   -61.4720  2.9513  7.0417
  255    3   39     8.8539   -61.4870  2.9513  7.0417
  256    3   40    11.8052   -61.5080  2.9513  7.0417
  257    3   41    14.7563   -61.5350  2.9513  7.0417
  258    3   42    17.7075   -61.5680  2.9513  7.0417
  259    3   43    20.6585   -61.6070  2.9513  7.0417
  260    3   44    23.6095   -61.6520  2.9513  7.0417
  261    3   45    26.5604   -61.7030  2.9513  7.0417
  262    3   46    29.5112   -61.7600  2.9513  7.0417
  263    3   47    32.4618   -61.8230  2.9513  7.0417
  264    3   48    35.4123   -61.8920  2.9513  7.0417
  265    3   49    38.3627   -61.9670  2.9513  7.0417
  266    3   50    41.3129   -62.0480  2.9513  7.0417
  267    3   51    44.2629   -62.1350  2.9513  7.0417
  268    3   52    47.2128   -62.2280  2.9513  7.0417
  269    3   53    50.1625   -62.3270  2.9513  7.0417
  270    3   54    53.1119   -62.4320  2.9513  7.0417
  271    3   55    56.0611   -62.5430  2.9513  7.0417
  272    3   56    59.0101   -62.6599  2.9513  7.0417
  273    3   57    61.9589   -62.7829  2.9513  7.0417
  274    3   58    64.9074   -62.9119  2.9513  7.0417
  275    3   59    67.8556   -63.0468  2.9513  7.0417
  276    3   60    70.8036   -63.1878  2.9513  7.0417
  277    3   61    73.7512   -63.3347  2.9513  7.0417
  278    3   62    76.6986   -63.4877  2.9513  7.0417
  279    3   63    79.6456   -63.6466  2.9513  7.0417
  280    3   64    82.5923   -63.8115  2.9513  7.0417
  281    3   65    85.5387   -63.9825  2.9513  7.0417
  282    3   66    88.4847   -64.1594  2.9513  7.0417
  283    3   67    91.4304   -64.3423  2.9513  7.0417
  284    3   68    94.3756   -64.5311  2.9513  7.0417
  285    3   69    97.3205   -64.7260  2.9513  7.0417
  286    3   70   100.2650   -64.9269  2.9513  7.0417
  287    3   71   103.2090   -65.1337  2.9513  7.0417
  288    4    0  -106.6676   -58.3237  2.9656  7.0417
  289    4    1  -103.7097   -58.1099  2.9656  7.0417
  290    4    2  -100.7514   -57.9020  2.9656  7.0417
  291    4    3   -97.7926   -57.7002  2.9656  7.0417
  292    4    4   -94.8334   -57.5044  2.9656  7.0417
  293    4    5   -91.8739   -57.3146  2.9656  7.0417
  294    4    6   -88.9139   -57.1308  2.9656  7.0417
  295    4    7   -85.9536   -56.9530  2.9656  7.0417
  296    4    8   -82.9930   -56.7813  2.9656  7.0417
  297    4    9   -80.0320   -56.6156  2.9656  7.0417
  298    4   10   -77.0706   -56.4558  2.9656  7.0417
  299    4   11   -74.1090   -56.3022  2.9656  7.0417
  300    4   12   -71.1470   -56.1545  2.9656  7.0417
  301    4   13   -68.1848   -56.0129  2.9656  7.0417
  302    4   14   -65.2223   -55.8773  2.9656  7.0417
  303    4   15   -62.2594   -55.7477  2.9656  7.0417
  304    4   16   -59.2964   -55.6241  2.9656  7.0417
  305    4   17   -56.3331   -55.5065  2.9656  7.0417
  306    4   18   -53.3695   -55.3950  2.9656  7.0417
  307    4   19   -50.4058   -55.2895  2.9656  7.0417
  308    4   20   -47.4418   -55.1901  2.9656  7.0417
  309    4   21   -44.4777   -55.0966  2.9656  7.0417
  310    4   22   -41.5133   -55.0092  2.9656  7.0417
  311    4   23   -38.5488   -54.9278  2.9656  7.0417
  312    4   24   -35.5841   -54.8525  2.9656  7.0417
  313    4   25   -32.6193   -54.7831  2.9656  7.0417
  314    4   26   -29.6543   -54.7198  2.9656  7.0417
  315    4   27   -26.6892   -54.6625  2.9656  7.0417
  316    4   28   -23.7240   -54.6113  2.9656  7.0417
  317    4   29   -20.7588   -54.5661  2.9656  7.0417
  318    4   30   -17.7934   -54.5269  2.9656  7.0417
  319    4   31   -14.8279   -54.4937  2.9656  7.0417
  320    4   32   -11.8624   -54.4666  2.9656  7.0417
  321    4   33    -8.8969   -54.4455  2.9656  7.0417
  322    4   34    -5.9313   -54.4304  2.9656  7.0417
  323    4   35    -2.9656   -54.4214  2.9656  7.0417
  324    4   36     0.0000   -54.4184  2.9656  7.0417
  325    4   37     2.9656   -54.4214  2.9656  7.0417
  326    4   38     5.9313   -54.4304  2.9656  7.0417
  327    4   39     8.8969   -54.4455  2.9656  7.0417
  328    4   40    11.8624   -54.4666  2.9656  7.0417
  329    4   41    14.8279   -54.4937  2.9656  7.0417
  330    4   42    17.7934   -54.5269  2.9656  7.0417
  331    4   43    20.7588   -54.5661  2.9656  7.0417
  332    4   44    23.7240   -54.6113  2.9656  7.0417
  333    4   45    26.6892   -54.6625  2.9656  7.0417
  334    4   46    29.6543   -54.7198  2.9656  7.0417
  335    4   47    32.6193   -54.7831  2.9656  7.0417
  336    4   48    35.5841   -54.8525  2.9656  7.0417
  337    4   49    38.5488   -54.9278  2.9656  7.0417
  338    4   50    41.5133   -55.0092  2.9656  7.0417
  339    4   51    44.4777   -55.0966  2.9656  7.0417
  340    4   52    47.4418   -55.1901  2.9656  7.0417
  341    4   53    50.4058   -55.2895  2.9656  7.0417
  342    4   54    53.3695   -55.3950  2.9656  7.0417
  343    4   55    56.3331   -55.5065  2.9656  7.0417
  344    4   56    59.2964   -55.6241  2.9656  7.0417
  345    4   57    62.2594   -55.7477  2.9656  7.0417
  346    4   58    65.2223   -55.8773  2.9656  7.0417
  347    4   59    68.1848   -56.0129  2.9656  7.0417
  348    4   60    71.1470   -56.1545  2.9656  7.0417
  349    4   61    74.1090   -56.3022  2.9656  7.0417
  350    4   62    77.0706   -56.4558  2.9656  7.0417
  351    4   63    80.0320   -56.6156  2.9656  7.0417
  352    4   64    82.9930   -56.7813  2.9656  7.0417
  353    4   65    85.9536   -56.9530  2.9656  7.0417
  354    4   66    88.9139   -57.1308  2.9656  7.0417
  355    4   67    91.8739   -57.3146  2.9656  7.0417
  356    4   68    94.8334   -57.5044  2.9656  7.0417
  357    4   69    97.7926   -57.7002  2.9656  7.0417
  358    4   70   100.7514   -57.9020  2.9656  7.0417
  359    4   71   103.7097   -58.1099  2.9656  7.0417
  360    5    0  -107.1826   -51.3009  2.9800  7.0417
  361    5    1  -104.2104   -51.0860  2.9800  7.0417
  362    5    2  -101.2377   -50.8772  2.9800  7.0417
  363    5    3   -98.2647   -50.6744  2.9800  7.0417
  364    5    4   -95.2912   -50.4776  2.9800  7.0417
  365    5    5   -92.3174   -50.2869  2.9800  7.0417
  366    5    6   -89.3432   -50.1022  2.9800  7.0417
  367    5    7   -86.3686   -49.9236  2.9800  7.0417
  368    5    8   -83.3936   -49.7510  2.9800  7.0417
  369    5    9   -80.4183   -49.5845  2.9800  7.0417
  370    5   10   -77.4427   -49.4240  2.9800  7.0417
  371    5   11   -74.4668   -49.2696  2.9800  7.0417
  372    5   12   -71.4905   -49.1212  2.9800  7.0417
  373    5   13   -68.5139   -48.9789  2.9800  7.0417
  374    5   14   -65.5371   -48.8426  2.9800  7.0417
  375    5   15   -62.5600   -48.7124  2.9800  7.0417
  376    5   16   -59.5826   -48.5882  2.9800  7.0417
  377    5   17   -56.6050   -48.4701  2.9800  7.0417
  378    5   18   -53.6272   -48.3581  2.9800  7.0417
  379    5   19   -50.6491   -48.2521  2.9800  7.0417
  380    5   20   -47.6708   -48.1521  2.9800  7.0417
  381    5   21   -44.6924   -48.0582  2.9800  7.0417
  382    5   22   -41.7137   -47.9704  2.9800  7.0417
  383    5   23   -38.7349   -47.8886  2.9800  7.0417
  384    5   24   -35.7559   -47.8129  2.9800  7.0417
  385    5   25   -32.7768   -47.7432  2.9800  7.0417
  386    5   26   -29.7975   -47.6796  2.9800  7.0417
  387    5   27   -26.8181   -47.6221  2.9800  7.0417
  388    5   28   -23.8386   -47.5706  2.9800  7.0417
  389    5   29   -20.8590   -47.5251  2.9800  7.0417
  390    5   30   -17.8793   -47.4857  2.9800  7.0417
  391    5   31   -14.8995   -47.4524  2.9800  7.0417
  392    5   32   -11.9197   -47.4252  2.9800  7.0417
  393    5   33    -8.9398   -47.4040  2.9800  7.0417
  394    5   34    -5.9599   -47.3888  2.9800  7.0417
  395    5   35    -2.9800   -47.3797  2.9800  7.0417
  396    5   36     0.0000   -47.3767  2.9800  7.0417
  397    5   37     2.9800   -47.3797  2.9800  7.0417
  398    5   38     5.9599   -47.3888  2.9800  7.0417
  399    5   39     8.9398   -47.4040  2.9800  7.0417
  400    5   40    11.9197   -47.4252  2.9800  7.0417
  401    5   41    14.8995   -47.4524  2.9800  7.0417
  402    5   42    17.8793   -47.4857  2.9800  7.0417
  403    5   43    20.8590   -47.5251  2.9800  7.0417
  404    5   44    23.8386   -47.5706  2.9800  7.0417
  405    5   45    26.8181   -47.6221  2.9800  7.0417
  406    5   46    29.7975   -47.6796  2.9800  7.0417
  407    5   47    32.7768   -47.7432  2.9800  7.0417
  408    5   48    35.7559   -47.8129  2.9800  7.0417
  409    5   49    38.7349   -47.8886  2.9800  7.0417
  410    5   50    41.7137   -47.9704  2.9800  7.0417
  411    5   51    44.6924   -48.0582  2.9800  7.0417
  412    5   52    47.6708   -48.1521  2.9800  7.0417
  413    5   53    50.6491   -48.2521  2.9800  7.0417
  414    5   54    53.6272   -48.3581  2.9800  7.0417
  415    5   55    56.6050   -48.4701  2.9800  7.0417
  416    5   56    59.5826   -48.5882  2.9800  7.0417
  417    5   57    62.5600   -48.7124  2.9800  7.0417
  418    5   58    65.5371   -48.8426  2.9800  7.0417
  419    5   59    68.5139   -48.9789  2.9800  7.0417
  420    5   60    71.4905   -49.1212  2.9800  7.0417
  421    5   61    74.4668   -49.2696  2.9800  7.0417
  422    5   62    77.4427   -49.4240  2.9800  7.0417
  423    5   63    80.4183   -49.5845  2.9800  7.0417
  424    5   64    83.3936   -49.7510  2.9800  7.0417
  425    5   65    86.3686   -49.9236  2.9800  7.0417
  426    5   66    89.3432   -50.1022  2.9800  7.0417
  427    5   67    92.3174   -50.2869  2.9800  7.0417
  428    5   68    95.2912   -50.4776  2.9800  7.0417
  429    5   69    98.2647   -50.6744  2.9800  7.0417
  430    5   70   101.2377   -50.8772  2.9800  7.0417
  431    5   71   104.2104   -51.0860  2.9800  7.0417
  432    6    0  -107.6975   -44.2781  2.9943  7.0417
  433    6    1  -104.7110   -44.0622  2.9943  7.0417
  434    6    2  -101.7241   -43.8523  2.9943  7.0417
  435    6    3   -98.7368   -43.6485  2.9943  7.0417
  436    6    4   -95.7490   -43.4508  2.9943  7.0417
  437    6    5   -92.7609   -43.2592  2.9943  7.0417
  438    6    6   -89.7724   -43.0736  2.9943  7.0417
  439    6    7   -86.7835   -42.8942  2.9943  7.0417
  440    6    8   -83.7943   -42.7208  2.9943  7.0417
  441    6    9   -80.8047   -42.5534  2.9943  7.0417
  442    6   10   -77.8148   -42.3922  2.9943  7.0417
  443    6   11   -74.8245   -42.2370  2.9943  7.0417
  444    6   12   -71.8340   -42.0879  2.9943  7.0417
  445    6   13   -68.8431   -41.9449  2.9943  7.0417
  446    6   14   -65.8520   -41.8080  2.9943  7.0417
  447    6   15   -62.8606   -41.6772  2.9943  7.0417
  448    6   16   -59.8689   -41.5524  2.9943  7.0417
  449    6   17   -56.8770   -41.4337  2.9943  7.0417
  450    6   18   -53.8848   -41.3211  2.9943  7.0417
  451    6   19   -50.8924   -41.2146  2.9943  7.0417
  452    6   20   -47.8999   -41.1142  2.9943  7.0417
  453    6   21   -44.9071   -41.0198  2.9943  7.0417
  454    6   22   -41.9141   -40.9316  2.9943  7.0417
  455    6   23   -38.9210   -40.8494  2.9943  7.0417
  456    6   24   -35.9277   -40.7733  2.9943  7.0417
  457    6   25   -32.9342   -40.7033  2.9943  7.0417
  458    6   26   -29.9406   -40.6394  2.9943  7.0417
  459    6   27   -26.9469   -40.5816  2.9943  7.0417
  460    6   28   -23.9531   -40.5298  2.9943  7.0417
  461    6   29   -20.9592   -40.4842  2.9943  7.0417
  462    6   30   -17.9652   -40.4446  2.9943  7.0417
  463    6   31   -14.9711   -40.4111  2.9943  7.0417
  464    6   32   -11.9769   -40.3837  2.9943  7.0417
  465    6   33    -8.9828   -40.3624  2.9943  7.0417
  466    6   34    -5.9885   -40.3472  2.9943  7.0417
  467    6   35    -2.9943   -40.3381  2.9943  7.0417
  468    6   36     0.0000   -40.3350  2.9943  7.0417
  469    6   37     2.9943   -40.3381  2.9943  7.0417
  470    6   38     5.9885   -40.3472  2.9943  7.0417
  471    6   39     8.9828   -40.3624  2.9943  7.0417
  472    6   40    11.9769   -40.3837  2.9943  7.0417
  473    6   41    14.9711   -40.4111  2.9943  7.0417
  474    6   42    17.9652   -40.4446  2.9943  7.0417
  475    6   43    20.9592   -40.4842  2.9943  7.0417
  476    6   44    23.9531   -40.5298  2.9943  7.0417
  477    6   45    26.9469   -40.5816  2.9943  7.0417
  478    6   46    29.9406   -40.6394  2.9943  7.0417
  479    6   47    32.9342   -40.7033  2.9943  7.0417
  480    6   48    35.9277   -40.7733  2.9943  7.0417
  481    6   49    38.9210   -40.8494  2.9943  7.0417
  482    6   50    41.9141   -40.9316  2.9943  7.0417
  483    6   51    44.9071   -41.0198  2.9943  7.0417
  484    6   52    47.8999   -41.1142  2.9943  7.0417
  485    6   53    50.8924   -41.2146  2.9943  7.0417
  486    6   54    53.8848   -41.3211  2.9943  7.0417
  487    6   55    56.8770   -41.4337  2.9943  7.0417
  488    6   56    59.8689   -41.5524  2.9943  7.0417
  489    6   57    62.8606   -41.6772  2.9943  7.0417
  490    6   58    65.8520   -41.8080  2.9943  7.0417
  491    6   59    68.8431   -41.9449  2.9943  7.0417
  492    6   60    71.8340   -42.0879  2.9943  7.0417
  493    6   61    74.8245   -42.2370  2.9943  7.0417
  494    6   62    77.8148   -42.3922  2.9943  7.0417
  495    6   63    80.8047   -42.5534  2.9943  7.0417
  496    6   64    83.7943   -42.7208  2.9943  7.0417
  497    6   65    86.7835   -42.8942  2.9943  7.0417
  498    6   66    89.7724   -43.0736  2.9943  7.0417
  499    6   67    92.7609   -43.2592  2.9943  7.0417
  500    6   68    95.7490   -43.4508  2.9943  7.0417
  501    6   69    98.7368   -43.6485  2.9943  7.0417
  502    6   70   101.7241   -43.8523  2.9943  7.0417
  503    6   71   104.7110   -44.0622  2.9943  7.0417
  504    7    0  -108.2124   -37.2553  3.0086  7.0417
  505    7    1  -105.2117   -37.0383  3.0086  7.0417
  506    7    2  -102.2105   -36.8275  3.0086  7.0417
  507    7    3   -99.2089   -36.6227  3.0086  7.0417
  508    7    4   -96.2069   -36.4241  3.0086  7.0417
  509    7    5   -93.2044   -36.2315  3.0086  7.0417
  510    7    6   -90.2016   -36.0451  3.0086  7.0417
  511    7    7   -87.1985   -35.8647  3.0086  7.0417
  512    7    8   -84.1949   -35.6905  3.0086  7.0417
  513    7    9   -81.1910   -35.5224  3.0086  7.0417
  514    7   10   -78.1868   -35.3604  3.0086  7.0417
  515    7   11   -75.1823   -35.2044  3.0086  7.0417
  516    7   12   -72.1774   -35.0546  3.0086  7.0417
  517    7   13   -69.1723   -34.9110  3.0086  7.0417
  518    7   14   -66.1668   -34.7734  3.0086  7.0417
  519    7   15   -63.1611   -34.6419  3.0086  7.0417
  520    7   16   -60.1551   -34.5166  3.0086  7.0417
  521    7   17   -57.1489   -34.3973  3.0086  7.0417
  522    7   18   -54.1425   -34.2842  3.0086  7.0417
  523    7   19   -51.1358   -34.1771  3.0086  7.0417
  524    7   20   -48.1289   -34.0762  3.0086  7.0417
  525    7   21   -45.1218   -33.9814  3.0086  7.0417
  526    7   22   -42.1145   -33.8928  3.0086  7.0417
  527    7   23   -39.1071   -33.8102  3.0086  7.0417
  528    7   24   -36.0995   -33.7337  3.0086  7.0417
  529    7   25   -33.0917   -33.6634  3.0086  7.0417
  530    7   26   -30.0838   -33.5992  3.0086  7.0417
  531    7   27   -27.0758   -33.5411  3.0086  7.0417
  532    7   28   -24.0676   -33.4891  3.0086  7.0417
  533    7   29   -21.0594   -33.4432  3.0086  7.0417
  534    7   30   -18.0511   -33.4035  3.0086  7.0417
  535    7   31   -15.0427   -33.3698  3.0086  7.0417
  536    7   32   -12.0342   -33.3423  3.0086  7.0417
  537    7   33    -9.0257   -33.3209  3.0086  7.0417
  538    7   34    -6.0172   -33.3056  3.0086  7.0417
  539    7   35    -3.0086   -33.2964  3.0086  7.0417
  540    7   36     0.0000   -33.2934  3.0086  7.0417
  541    7   37     3.0086   -33.2964  3.0086  7.0417
  542    7   38     6.0172   -33.3056  3.0086  7.0417
  543    7   39     9.0257   -33.3209  3.0086  7.0417
  544    7   40    12.0342   -33.3423  3.0086  7.0417
  545    7   41    15.0427   -33.3698  3.0086  7.0417
  546    7   42    18.0511   -33.4035  3.0086  7.0417
  547    7   43    21.0594   -33.4432  3.0086  7.0417
  548    7   44    24.0676   -33.4891  3.0086  7.0417
  549    7   45    27.0758   -33.5411  3.0086  7.0417
  550    7   46    30.0838   -33.5992  3.0086  7.0417
  551    7   47    33.0917   -33.6634  3.0086  7.0417
  552    7   48    36.0995   -33.7337  3.0086  7.0417
  553    7   49    39.1071   -33.8102  3.0086  7.0417
  554    7   50    42.1145   -33.8928  3.0086  7.0417
  555    7   51    45.1218   -33.9814  3.0086  7.0417
  556    7   52    48.1289   -34.0762  3.0086  7.0417
  557    7   53    51.1358   -34.1771  3.0086  7.0417
  558    7   54    54.1425   -34.2842  3.0086  7.0417
  559    7   55    57.1489   -34.3973  3.0086  7.0417
  560    7   56    60.1551   -34.5166  3.0086  7.0417
  561    7   57    63.1611   -34.6419  3.0086  7.0417
  562    7   58    66.1668   -34.7734  3.0086  7.0417
  563    7   59    69.1723   -34.9110  3.0086  7.0417
  564    7   60    72.1774   -35.0546  3.0086  7.0417
  565    7   61    75.1823   -35.2044  3.0086  7.0417
  566    7   62    78.1868   -35.3604  3.0086  7.0417
  567    7   63    81.1910   -35.5224  3.0086  7.0417
  568    7   64    84.1949   -35.6905  3.0086  7.0417
  569    7   65    87.1985   -35.8647  3.0086  7.0417
  570    7   66    90.2016   -36.0451  3.0086  7.0417
  571    7   67    93.2044   -36.2315  3.0086  7.0417
  572    7   68    96.2069   -36.4241  3.0086  7.0417
  573    7   69    99.2089   -36.6227  3.0086  7.0417
  574    7   70   102.2105   -36.8275  3.0086  7.0417
  575    7   71   105.2117   -37.0383  3.0086  7.0417
  576    8    0  -108.7274   -30.2325  3.0229  7.0417
  577    8    1  -105.7123   -30.0145  3.0229  7.0417
  578    8    2  -102.6969   -29.8026  3.0229  7.0417
  579    8    3   -99.6810   -29.5969  3.0229  7.0417
  580    8    4   -96.6647   -29.3973  3.0229  7.0417
  581    8    5   -93.6480   -29.2038  3.0229  7.0417
  582    8    6   -90.6309   -29.0165  3.0229  7.0417
  583    8    7   -87.6134   -28.8353  3.0229  7.0417
  584    8    8   -84.5956   -28.6602  3.0229  7.0417
  585    8    9   -81.5774   -28.4913  3.0229  7.0417
  586    8   10   -78.5589   -28.3285  3.0229  7.0417
  587    8   11   -75.5400   -28.1719  3.0229  7.0417
  588    8   12   -72.5209   -28.0214  3.0229  7.0417
  589    8   13   -69.5014   -27.8770  3.0229  7.0417
  590    8   14   -66.4817   -27.7388  3.0229  7.0417
  591    8   15   -63.4617   -27.6067  3.0229  7.0417
  592    8   16   -60.4414   -27.4807  3.0229  7.0417
  593    8   17   -57.4209   -27.3609  3.0229  7.0417
  594    8   18   -54.4001   -27.2472  3.0229  7.0417
  595    8   19   -51.3791   -27.1397  3.0229  7.0417
  596    8   20   -48.3579   -27.0383  3.0229  7.0417
  597    8   21   -45.3365   -26.9431  3.0229  7.0417
  598    8   22   -42.3149   -26.8540  3.0229  7.0417
  599    8   23   -39.2932   -26.7710  3.0229  7.0417
  600    8   24   -36.2712   -26.6942  3.0229  7.0417
  601    8   25   -33.2492   -26.6235  3.0229  7.0417
  602    8   26   -30.2269   -26.5590  3.0229  7.0417
  603    8   27   -27.2046   -26.5006  3.0229  7.0417
  604    8   28   -24.1822   -26.4484  3.0229  7.0417
  605    8   29   -21.1596   -26.4023  3.0229  7.0417
  606    8   30   -18.1370   -26.3623  3.0229  7.0417
  607    8   31   -15.1143   -26.3285  3.0229  7.0417
  608    8   32   -12.0915   -26.3009  3.0229  7.0417
  609    8   33    -9.0687   -26.2793  3.0229  7.0417
  610    8   34    -6.0458   -26.2640  3.0229  7.0417
  611    8   35    -3.0229   -26.2548  3.0229  7.0417
  612    8   36     0.0000   -26.2517  3.0229  7.0417
  613    8   37     3.0229   -26.2548  3.0229  7.0417
  614    8   38     6.0458   -26.2640  3.0229  7.0417
  615    8   39     9.0687   -26.2793  3.0229  7.0417
  616    8   40    12.0915   -26.3009  3.0229  7.0417
  617    8   41    15.1143   -26.3285  3.0229  7.0417
  618    8   42    18.1370   -26.3623  3.0229  7.0417
  619    8   43    21.1596   -26.4023  3.0229  7.0417
  620    8   44    24.1822   -26.4484  3.0229  7.0417
  621    8   45    27.2046   -26.5006  3.0229  7.0417
  622    8   46    30.2269   -26.5590  3.0229  7.0417
  623    8   47    33.2492   -26.6235  3.0229  7.0417
  624    8   48    36.2712   -26.6942  3.0229  7.0417
  625    8   49    39.2932   -26.7710  3.0229  7.0417
  626    8   50    42.3149   -26.8540  3.0229  7.0417
  627    8   51    45.3365   -26.9431  3.0229  7.0417
  628    8   52    48.3579   -27.0383  3.0229  7.0417
  629    8   53    51.3791   -27.1397  3.0229  7.0417
  630    8   54    54.4001   -27.2472  3.0229  7.0417
  631    8   55    57.4209   -27.3609  3.0229  7.0417
  632    8   56    60.4414   -27.4807  3.0229  7.0417
  633    8   57    63.4617   -27.6067  3.0229  7.0417
  634    8   58    66.4817   -27.7388  3.0229  7.0417
  635    8   59    69.5014   -27.8770  3.0229  7.0417
  636    8   60    72.5209   -28.0214  3.0229  7.0417
  637    8   61    75.5400   -28.1719  3.0229  7.0417
  638    8   62    78.5589   -28.3285  3.0229  7.0417
  639    8   63    81.5774   -28.4913  3.0229  7.0417
  640    8   64    84.5956   -28.6602  3.0229  7.0417
  641    8   65    87.6134   -28.8353  3.0229  7.0417
  642    8   66    90.6309   -29.0165  3.0229  7.0417
  643    8   67    93.6480   -29.2038  3.0229  7.0417
  644    8   68    96.6647   -29.3973  3.0229  7.0417
  645    8   69    99.6810   -29.5969  3.0229  7.0417
  646    8   70   102.6969   -29.8026  3.0229  7.0417
  647    8   71   105.7123   -30.0145  3.0229  7.0417
  648    9    0  -109.2423   -23.2097  3.0372  7.0417
  649    9    1  -106.2130   -22.9906  3.0372  7.0417
  650    9    2  -103.1832   -22.7778  3.0372  7.0417
  651    9    3  -100.1531   -22.5711  3.0372  7.0417
  652    9    4   -97.1225   -22.3705  3.0372  7.0417
  653    9    5   -94.0915   -22.1761  3.0372  7.0417
  654    9    6   -91.0601   -21.9879  3.0372  7.0417
  655    9    7   -88.0283   -21.8059  3.0372  7.0417
  656    9    8   -84.9962   -21.6300  3.0372  7.0417
  657    9    9   -81.9637   -21.4603  3.0372  7.0417
  658    9   10   -78.9309   -21.2967  3.0372  7.0417
  659    9   11   -75.8978   -21.1393  3.0372  7.0417
  660    9   12   -72.8643   -20.9881  3.0372  7.0417
  661    9   13   -69.8306   -20.8430  3.0372  7.0417
  662    9   14   -66.7965   -20.7041  3.0372  7.0417
  663    9   15   -63.7622   -20.5714  3.0372  7.0417
  664    9   16   -60.7276   -20.4449  3.0372  7.0417
  665    9   17   -57.6928   -20.3245  3.0372  7.0417
  666    9   18   -54.6577   -20.2103  3.0372  7.0417
  667    9   19   -51.6224   -20.1022  3.0372  7.0417
  668    9   20   -48.5869   -20.0004  3.0372  7.0417
  669    9   21   -45.5512   -19.9047  3.0372  7.0417
  670    9   22   -42.5153   -19.8151  3.0372  7.0417
  671    9   23   -39.4793   -19.7318  3.0372  7.0417
  672    9   24   -36.4430   -19.6546  3.0372  7.0417
  673    9   25   -33.4066   -19.5836  3.0372  7.0417
  674    9   26   -30.3701   -19.5188  3.0372  7.0417
  675    9   27   -27.3334   -19.4601  3.0372  7.0417
  676    9   28   -24.2967   -19.4076  3.0372  7.0417
  677    9   29   -21.2598   -19.3613  3.0372  7.0417
  678    9   30   -18.2229   -19.3212  3.0372  7.0417
  679    9   31   -15.1858   -19.2872  3.0372  7.0417
  680    9   32   -12.1487   -19.2594  3.0372  7.0417
  681    9   33    -9.1116   -19.2378  3.0372  7.0417
  682    9   34    -6.0744   -19.2224  3.0372  7.0417
  683    9   35    -3.0372   -19.2131  3.0372  7.0417
  684    9   36     0.0000   -19.2100  3.0372  7.0417
  685    9   37     3.0372   -19.2131  3.0372  7.0417
  686    9   38     6.0744   -19.2224  3.0372  7.0417
  687    9   39     9.1116   -19.2378  3.0372  7.0417
  688    9   40    12.1487   -19.2594  3.0372  7.0417
  689    9   41    15.1858   -19.2872  3.0372  7.0417
  690    9   42    18.2229   -19.3212  3.0372  7.0417
  691    9   43    21.2598   -19.3613  3.0372  7.0417
  692    9   44    24.2967   -19.4076  3.0372  7.0417
  693    9   45    27.3334   -19.4601  3.0372  7.0417
  694    9   46    30.3701   -19.5188  3.0372  7.0417
  695    9   47    33.4066   -19.5836  3.0372  7.0417
  696    9   48    36.4430   -19.6546  3.0372  7.0417
  697    9   49    39.4793   -19.7318  3.0372  7.0417
  698    9   50    42.5153   -19.8151  3.0372  7.0417
  699    9   51    45.5512   -19.9047  3.0372  7.0417
  700    9   52    48.5869   -20.0004  3.0372  7.0417
  701    9   53    51.6224   -20.1022  3.0372  7.0417
  702    9   54    54.6577   -20.2103  3.0372  7.0417
  703    9   55    57.6928   -20.3245  3.0372  7.0417
  704    9   56    60.7276   -20.4449  3.0372  7.0417
  705    9   57    63.7622   -20.5714  3.0372  7.0417
  706    9   58    66.7965   -20.7041  3.0372  7.0417
  707    9   59    69.8306   -20.8430  3.0372  7.0417
  708    9   60    72.8643   -20.9881  3.0372  7.0417
  709    9   61    75.8978   -21.1393  3.0372  7.0417
  710    9   62    78.9309   -21.2967  3.0372  7.0417
  711    9   63    81.9637   -21.4603  3.0372  7.0417
  712    9   64    84.9962   -21.6300  3.0372  7.0417
  713    9   65    88.0283   -21.8059  3.0372  7.0417
  714    9   66    91.0601   -21.9879  3.0372  7.0417
  715    9   67    94.0915   -22.1761  3.0372  7.0417
  716    9   68    97.1225   -22.3705  3.0372  7.0417
  717    9   69   100.1531   -22.5711  3.0372  7.0417
  718    9   70   103.1832   -22.7778  3.0372  7.0417
  719    9   71   106.2130   -22.9906  3.0372  7.0417
  720   10    0  -109.7572   -16.1868  3.0515  7.0417
  721   10    1  -106.7136   -15.9668  3.0515  7.0417
  722   10    2  -103.6696   -15.7529  3.0515  7.0417
  723   10    3  -100.6251   -15.5452  3.0515  7.0417
  724   10    4   -97.5803   -15.3438  3.0515  7.0417
  725   10    5   -94.5350   -15.1485  3.0515  7.0417
  726   10    6   -91.4893   -14.9593  3.0515  7.0417
  727   10    7   -88.4433   -14.7764  3.0515  7.0417
  728   10    8   -85.3969   -14.5997  3.0515  7.0417
  729   10    9   -82.3501   -14.4292  3.0515  7.0417
  730   10   10   -79.3030   -14.2649  3.0515  7.0417
  731   10   11   -76.2555   -14.1067  3.0515  7.0417
  732   10   12   -73.2078   -13.9548  3.0515  7.0417
  733   10   13   -70.1597   -13.8091  3.0515  7.0417
  734   10   14   -67.1114   -13.6695  3.0515  7.0417
  735   10   15   -64.0628   -13.5362  3.0515  7.0417
  736   10   16   -61.0139   -13.4090  3.0515  7.0417
  737   10   17   -57.9648   -13.2881  3.0515  7.0417
  738   10   18   -54.9154   -13.1733  3.0515  7.0417
  739   10   19   -51.8658   -13.0648  3.0515  7.0417
  740   10   20   -48.8160   -12.9624  3.0515  7.0417
  741   10   21   -45.7659   -12.8663  3.0515  7.0417
  742   10   22   -42.7157   -12.7763  3.0515  7.0417
  743   10   23   -39.6653   -12.6926  3.0515  7.0417
  744   10   24   -36.6148   -12.6150  3.0515  7.0417
  745   10   25   -33.5641   -12.5437  3.0515  7.0417
  746   10   26   -30.5133   -12.4786  3.0515  7.0417
  747   10   27   -27.4623   -12.4196  3.0515  7.0417
  748   10   28   -24.4112   -12.3669  3.0515  7.0417
  749   10   29   -21.3600   -12.3204  3.0515  7.0417
  750   10   30   -18.3088   -12.2800  3.0515  7.0417
  751   10   31   -15.2574   -12.2459  3.0515  7.0417
  752   10   32   -12.2060   -12.2180  3.0515  7.0417
  753   10   33    -9.1546   -12.1963  3.0515  7.0417
  754   10   34    -6.1031   -12.1808  3.0515  7.0417
  755   10   35    -3.0515   -12.1715  3.0515  7.0417
  756   10   36     0.0000   -12.1684  3.0515  7.0417
  757   10   37     3.0515   -12.1715  3.0515  7.0417
  758   10   38     6.1031   -12.1808  3.0515  7.0417
  759   10   39     9.1546   -12.1963  3.0515  7.0417
  760   10   40    12.2060   -12.2180  3.0515  7.0417
  761   10   41    15.2574   -12.2459  3.0515  7.0417
  762   10   42    18.3088   -12.2800  3.0515  7.0417
  763   10   43    21.3600   -12.3204  3.0515  7.0417
  764   10   44    24.4112   -12.3669  3.0515  7.0417
  765   10   45    27.4623   -12.4196  3.0515  7.0417
  766   10   46    30.5133   -12.4786  3.0515  7.0417
  767   10   47    33.5641   -12.5437  3.0515  7.0417
  768   10   48    36.6148   -12.6150  3.0515  7.0417
  769   10   49    39.6653   -12.6926  3.0515  7.0417
  770   10   50    42.7157   -12.7763  3.0515  7.0417
  771   10   51    45.7659   -12.8663  3.0515  7.0417
  772   10   52    48.8160   -12.9624  3.0515  7.0417
  773   10   53    51.8658   -13.0648  3.0515  7.0417
  774   10   54    54.9154   -13.1733  3.0515  7.0417
  775   10   55    57.9648   -13.2881  3.0515  7.0417
  776   10   56    61.0139   -13.4090  3.0515  7.0417
  777   10   57    64.0628   -13.5362  3.0515  7.0417
  778   10   58    67.1114   -13.6695  3.0515  7.0417
  779   10   59    70.1597   -13.8091  3.0515  7.0417
  780   10   60    73.2078   -13.9548  3.0515  7.0417
  781   10   61    76.2555   -14.1067  3.0515  7.0417
  782   10   62    79.3030   -14.2649  3.0515  7.0417
  783   10   63    82.3501   -14.4292  3.0515  7.0417
  784   10   64    85.3969   -14.5997  3.0515  7.0417
  785   10   65    88.4433   -14.7764  3.0515  7.0417
  786   10   66    91.4893   -14.9593  3.0515  7.0417
  787   10   67    94.5350   -15.1485  3.0515  7.0417
  788   10   68    97.5803   -15.3438  3.0515  7.0417
  789   10   69   100.6251   -15.5452  3.0515  7.0417
  790   10   70   103.6696   -15.7529  3.0515  7.0417
  791   10   71   106.7136   -15.9668  3.0515  7.0417
  792   11    0  -110.2722    -9.1640  3.0659  7.0417
  793   11    1  -107.2143    -8.9429  3.0659  7.0417
  794   11    2  -104.1560    -8.7281  3.0659  7.0417
  795   11    3  -101.0972    -8.5194  3.0659  7.0417
  796   11    4   -98.0381    -8.3170  3.0659  7.0417
  797   11    5   -94.9785    -8.1208  3.0659  7.0417
  798   11    6   -91.9185    -7.9308  3.0659  7.0417
  799   11    7   -88.8582    -7.7470  3.0659  7.0417
  800   11    8   -85.7975    -7.5695  3.0659  7.0417
  801   11    9   -82.7364    -7.3981  3.0659  7.0417
  802   11   10   -79.6750    -7.2330  3.0659  7.0417
  803   11   11   -76.6133    -7.0742  3.0659  7.0417
  804   11   12   -73.5513    -6.9215  3.0659  7.0417
  805   11   13   -70.4889    -6.7751  3.0659  7.0417
  806   11   14   -67.4263    -6.6349  3.0659  7.0417
  807   11   15   -64.3633    -6.5009  3.0659  7.0417
  808   11   16   -61.3001    -6.3732  3.0659  7.0417
  809   11   17   -58.2367    -6.2517  3.0659  7.0417
  810   11   18   -55.1730    -6.1364  3.0659  7.0417
  811   11   19   -52.1091    -6.0273  3.0659  7.0417
  812   11   20   -49.0450    -5.9245  3.0659  7.0417
  813   11   21   -45.9807    -5.8279  3.0659  7.0417
  814   11   22   -42.9161    -5.7375  3.0659  7.0417
  815   11   23   -39.8514    -5.6534  3.0659  7.0417
  816   11   24   -36.7866    -5.5755  3.0659  7.0417
  817   11   25   -33.7216    -5.5038  3.0659  7.0417
  818   11   26   -30.6564    -5.4383  3.0659  7.0417
  819   11   27   -27.5911    -5.3791  3.0659  7.0417
  820   11   28   -24.5257    -5.3262  3.0659  7.0417
  821   11   29   -21.4602    -5.2794  3.0659  7.0417
  822   11   30   -18.3947    -5.2389  3.0659  7.0417
  823   11   31   -15.3290    -5.2046  3.0659  7.0417
  824   11   32   -12.2633    -5.1766  3.0659  7.0417
  825   11   33    -9.1975    -5.1547  3.0659  7.0417
  826   11   34    -6.1317    -5.1392  3.0659  7.0417
  827   11   35    -3.0659    -5.1298  3.0659  7.0417
  828   11   36     0.0000    -5.1267  3.0659  7.0417
  829   11   37     3.0659    -5.1298  3.0659  7.0417
  830   11   38     6.1317    -5.1392  3.0659  7.0417
  831   11   39     9.1975    -5.1547  3.0659  7.0417
  832   11   40    12.2633    -5.1766  3.0659  7.0417
  833   11   41    15.3290    -5.2046  3.0659  7.0417
  834   11   42    18.3947    -5.2389  3.0659  7.0417
  835   11   43    21.4602    -5.2794  3.0659  7.0417
  836   11   44    24.5257    -5.3262  3.0659  7.0417
  837   11   45    27.5911    -5.3791  3.0659  7.0417
  838   11   46    30.6564    -5.4383  3.0659  7.0417
  839   11   47    33.7216    -5.5038  3.0659  7.0417
  840   11   48    36.7866    -5.5755  3.0659  7.0417
  841   11   49    39.8514    -5.6534  3.0659  7.0417
  842   11   50    42.9161    -5.7375  3.0659  7.0417
  843   11   51    45.9807    -5.8279  3.0659  7.0417
  844   11   52    49.0450    -5.9245  3.0659  7.0417
  845   11   53    52.1091    -6.0273  3.0659  7.0417
  846   11   54    55.1730    -6.1364  3.0659  7.0417
  847   11   55    58.2367    -6.2517  3.0659  7.0417
  848   11   56    61.3001    -6.3732  3.0659  7.0417
  849   11   57    64.3633    -6.5009  3.0659  7.0417
  850   11   58    67.4263    -6.6349  3.0659  7.0417
  851   11   59    70.4889    -6.7751  3.0659  7.0417
  852   11   60    73.5513    -6.9215  3.0659  7.0417
  853   11   61    76.6133    -7.0742  3.0659  7.0417
  854   11   62    79.6750    -7.2330  3.0659  7.0417
  855   11   63    82.7364    -7.3981  3.0659  7.0417
  856   11   64    85.7975    -7.5695  3.0659  7.0417
  857   11   65    88.8582    -7.7470  3.0659  7.0417
  858   11   66    91.9185    -7.9308  3.0659  7.0417
  859   11   67    94.9785    -8.1208  3.0659  7.0417
  860   11   68    98.0381    -8.3170  3.0659  7.0417
  861   11   69   101.0972    -8.5194  3.0659  7.0417
  862   11   70   104.1560    -8.7281  3.0659  7.0417
  863   11   71   107.2143    -8.9429  3.0659  7.0417
  864   12    0  -110.7871    -2.1412  3.0802  7.0417
  865   12    1  -107.7149    -1.9191  3.0802  7.0417
  866   12    2  -104.6424    -1.7032  3.0802  7.0417
  867   12    3  -101.5693    -1.4936  3.0802  7.0417
  868   12    4   -98.4959    -1.2902  3.0802  7.0417
  869   12    5   -95.4220    -1.0931  3.0802  7.0417
  870   12    6   -92.3478    -0.9022  3.0802  7.0417
  871   12    7   -89.2731    -0.7176  3.0802  7.0417
  872   12    8   -86.1981    -0.5392  3.0802  7.0417
  873   12    9   -83.1228    -0.3671  3.0802  7.0417
  874   12   10   -80.0471    -0.2012  3.0802  7.0417
  875   12   11   -76.9711    -0.0416  3.0802  7.0417
  876   12   12   -73.8947     0.1118  3.0802  7.0417
  877   12   13   -70.8181     0.2589  3.0802  7.0417
  878   12   14   -67.7411     0.3997  3.0802  7.0417
  879   12   15   -64.6639     0.5343  3.0802  7.0417
  880   12   16   -61.5864     0.6627  3.0802  7.0417
  881   12   17   -58.5087     0.7848  3.0802  7.0417
  882   12   18   -55.4307     0.9006  3.0802  7.0417
  883   12   19   -52.3524     1.0102  3.0802  7.0417
  884   12   20   -49.2740     1.1135  3.0802  7.0417
  885   12   21   -46.1954     1.2105  3.0802  7.0417
  886   12   22   -43.1165     1.3013  3.0802  7.0417
  887   12   23   -40.0375     1.3858  3.0802  7.0417
  888   12   24   -36.9584     1.4641  3.0802  7.0417
  889   12   25   -33.8790     1.5361  3.0802  7.0417
  890   12   26   -30.7996     1.6019  3.0802  7.0417
  891   12   27   -27.7200     1.6614  3.0802  7.0417
  892   12   28   -24.6403     1.7146  3.0802  7.0417
  893   12   29   -21.5605     1.7615  3.0802  7.0417
  894   12   30   -18.4806     1.8023  3.0802  7.0417
  895   12   31   -15.4006     1.8367  3.0802  7.0417
  896   12   32   -12.3205     1.8649  3.0802  7.0417
  897   12   33    -9.2404     1.8868  3.0802  7.0417
  898   12   34    -6.1603     1.9024  3.0802  7.0417
  899   12   35    -3.0802     1.9118  3.0802  7.0417
  900   12   36     0.0000     1.9150  3.0802  7.0417
  901   12   37     3.0802     1.9118  3.0802  7.0417
  902   12   38     6.1603     1.9024  3.0802  7.0417
  903   12   39     9.2404     1.8868  3.0802  7.0417
  904   12   40    12.3205     1.8649  3.0802  7.0417
  905   12   41    15.4006     1.8367  3.0802  7.0417
  906   12   42    18.4806     1.8023  3.0802  7.0417
  907   12   43    21.5605     1.7615  3.0802  7.0417
  908   12   44    24.6403     1.7146  3.0802  7.0417
  909   12   45    27.7200     1.6614  3.0802  7.0417
  910   12   46    30.7996     1.6019  3.0802  7.0417
  911   12   47    33.8790     1.5361  3.0802  7.0417
  912   12   48    36.9584     1.4641  3.0802  7.0417
  913   12   49    40.0375     1.3858  3.0802  7.0417
  914   12   50    43.1165     1.3013  3.0802  7.0417
  915   12   51    46.1954     1.2105  3.0802  7.0417
  916   12   52    49.2740     1.1135  3.0802  7.0417
  917   12   53    52.3524     1.0102  3.0802  7.0417
  918   12   54    55.4307     0.9006  3.0802  7.0417
  919   12   55    58.5087     0.7848  3.0802  7.0417
  920   12   56    61.5864     0.6627  3.0802  7.0417
  921   12   57    64.6639     0.5343  3.0802  7.0417
  922   12   58    67.7411     0.3997  3.0802  7.0417
  923   12   59    70.8181     0.2589  3.0802  7.0417
  924   12   60    73.8947     0.1118  3.0802  7.0417
  925   12   61    76.9711    -0.0416  3.0802  7.0417
  926   12   62    80.0471    -0.2012  3.0802  7.0417
  927   12   63    83.1228    -0.3671  3.0802  7.0417
  928   12   64    86.1981    -0.5392  3.0802  7.0417
  929   12   65    89.2731    -0.7176  3.0802  7.0417
  930   12   66    92.3478    -0.9022  3.0802  7.0417
  931   12   67    95.4220    -1.0931  3.0802  7.0417
  932   12   68    98.4959    -1.2902  3.0802  7.0417
  933   12   69   101.5693    -1.4936  3.0802  7.0417
  934   12   70   104.6424    -1.7032  3.0802  7.0417
  935   12   71   107.7149    -1.9191  3.0802  7.0417
  936   13    0  -111.3020     4.8816  3.0945  7.0417
  937   13    1  -108.2156     5.1048  3.0945  7.0417
  938   13    2  -105.1287     5.3216  3.0945  7.0417
  939   13    3  -102.0414     5.5322  3.0945  7.0417
  940   13    4   -98.9537     5.7366  3.0945  7.0417
  941   13    5   -95.8655     5.9346  3.0945  7.0417
  942   13    6   -92.7770     6.1264  3.0945  7.0417
  943   13    7   -89.6881     6.3119  3.0945  7.0417
  944   13    8   -86.5988     6.4911  3.0945  7.0417
  945   13    9   -83.5091     6.6640  3.0945  7.0417
  946   13   10   -80.4192     6.8306  3.0945  7.0417
  947   13   11   -77.3288     6.9910  3.0945  7.0417
  948   13   12   -74.2382     7.1451  3.0945  7.0417
  949   13   13   -71.1472     7.2929  3.0945  7.0417
  950   13   14   -68.0560     7.4344  3.0945  7.0417
  951   13   15   -64.9644     7.5696  3.0945  7.0417
  952   13   16   -61.8727     7.6985  3.0945  7.0417
  953   13   17   -58.7806     7.8212  3.0945  7.0417
  954   13   18   -55.6883     7.9375  3.0945  7.0417
  955   13   19   -52.5958     8.0476  3.0945  7.0417
  956   13   20   -49.5030     8.1514  3.0945  7.0417
  957   13   21   -46.4101     8.2489  3.0945  7.0417
  958   13   22   -43.3169     8.3401  3.0945  7.0417
  959   13   23   -40.2236     8.4250  3.0945  7.0417
  960   13   24   -37.1301     8.5037  3.0945  7.0417
  961   13   25   -34.0365     8.5760  3.0945  7.0417
  962   13   26   -30.9427     8.6421  3.0945  7.0417
  963   13   27   -27.8488     8.7018  3.0945  7.0417
  964   13   28   -24.7548     8.7553  3.0945  7.0417
  965   13   29   -21.6607     8.8025  3.0945  7.0417
  966   13   30   -18.5665     8.8434  3.0945  7.0417
  967   13   31   -15.4722     8.8780  3.0945  7.0417
  968   13   32   -12.3778     8.9063  3.0945  7.0417
  969   13   33    -9.2834     8.9283  3.0945  7.0417
  970   13   34    -6.1890     8.9441  3.0945  7.0417
  971   13   35    -3.0945     8.9535  3.0945  7.0417
  972   13   36     0.0000     8.9566  3.0945  7.0417
  973   13   37     3.0945     8.9535  3.0945  7.0417
  974   13   38     6.1890     8.9441  3.0945  7.0417
  975   13   39     9.2834     8.9283  3.0945  7.0417
  976   13   40    12.3778     8.9063  3.0945  7.0417
  977   13   41    15.4722     8.8780  3.0945  7.0417
  978   13   42    18.5665     8.8434  3.0945  7.0417
  979   13   43    21.6607     8.8025  3.0945  7.0417
  980   13   44    24.7548     8.7553  3.0945  7.0417
  981   13   45    27.8488     8.7018  3.0945  7.0417
  982   13   46    30.9427     8.6421  3.0945  7.0417
  983   13   47    34.0365     8.5760  3.0945  7.0417
  984   13   48    37.1301     8.5037  3.0945  7.0417
  985   13   49    40.2236     8.4250  3.0945  7.0417
  986   13   50    43.3169     8.3401  3.0945  7.0417
  987   13   51    46.4101     8.2489  3.0945  7.0417
  988   13   52    49.5030     8.1514  3.0945  7.0417
  989   13   53    52.5958     8.0476  3.0945  7.0417
  990   13   54    55.6883     7.9375  3.0945  7.0417
  991   13   55    58.7806     7.8212  3.0945  7.0417
  992   13   56    61.8727     7.6985  3.0945  7.0417
  993   13   57    64.9644     7.5696  3.0945  7.0417
  994   13   58    68.0560     7.4344  3.0945  7.0417
  995   13   59    71.1472     7.2929  3.0945  7.0417
  996   13   60    74.2382     7.1451  3.0945  7.0417
  997   13   61    77.3288     6.9910  3.0945  7.0417
  998   13   62    80.4192     6.8306  3.0945  7.0417
  999   13   63    83.5091     6.6640  3.0945  7.0417
 1000   13   64    86.5988     6.4911  3.0945  7.0417
 1001   13   65    89.6881     6.3119  3.0945  7.0417
 1002   13   66    92.7770     6.1264  3.0945  7.0417
 1003   13   67    95.8655     5.9346  3.0945  7.0417
 1004   13   68    98.9537     5.7366  3.0945  7.0417
 1005   13   69   102.0414     5.5322  3.0945  7.0417
 1006   13   70   105.1287     5.3216  3.0945  7.0417
 1007   13   71   108.2156     5.1048  3.0945  7.0417
 1008   14    0  -111.8170    11.9044  3.1088  7.0417
 1009   14    1  -108.7163    12.1286  3.1088  7.0417
 1010   14    2  -105.6151    12.3465  3.1088  7.0417
 1011   14    3  -102.5135    12.5581  3.1088  7.0417
 1012   14    4   -99.4115    12.7633  3.1088  7.0417
 1013   14    5   -96.3091    12.9623  3.1088  7.0417
 1014   14    6   -93.2062    13.1549  3.1088  7.0417
 1015   14    7   -90.1030    13.3413  3.1088  7.0417
 1016   14    8   -86.9994    13.5213  3.1088  7.0417
 1017   14    9   -83.8955    13.6950  3.1088  7.0417
 1018   14   10   -80.7912    13.8625  3.1088  7.0417
 1019   14   11   -77.6866    14.0236  3.1088  7.0417
 1020   14   12   -74.5816    14.1783  3.1088  7.0417
 1021   14   13   -71.4764    14.3268  3.1088  7.0417
 1022   14   14   -68.3708    14.4690  3.1088  7.0417
 1023   14   15   -65.2650    14.6048  3.1088  7.0417
 1024   14   16   -62.1589    14.7344  3.1088  7.0417
 1025   14   17   -59.0525    14.8576  3.1088  7.0417
 1026   14   18   -55.9459    14.9745  3.1088  7.0417
 1027   14   19   -52.8391    15.0851  3.1088  7.0417
 1028   14   20   -49.7321    15.1893  3.1088  7.0417
 1029   14   21   -46.6248    15.2873  3.1088  7.0417
 1030   14   22   -43.5173    15.3789  3.1088  7.0417
 1031   14   23   -40.4097    15.4643  3.1088  7.0417
 1032   14   24   -37.3019    15.5432  3.1088  7.0417
 1033   14   25   -34.1940    15.6159  3.1088  7.0417
 1034   14   26   -31.0859    15.6823  3.1088  7.0417
 1035   14   27   -27.9777    15.7423  3.1088  7.0417
 1036   14   28   -24.8693    15.7961  3.1088  7.0417
 1037   14   29   -21.7609    15.8435  3.1088  7.0417
 1038   14   30   -18.6523    15.8845  3.1088  7.0417
 1039   14   31   -15.5437    15.9193  3.1088  7.0417
 1040   14   32   -12.4351    15.9477  3.1088  7.0417
 1041   14   33    -9.3263    15.9699  3.1088  7.0417
 1042   14   34    -6.2176    15.9857  3.1088  7.0417
 1043   14   35    -3.1088    15.9951  3.1088  7.0417
 1044   14   36     0.0000    15.9983  3.1088  7.0417
 1045   14   37     3.1088    15.9951  3.1088  7.0417
 1046   14   38     6.2176    15.9857  3.1088  7.0417
 1047   14   39     9.3263    15.9699  3.1088  7.0417
 1048   14   40    12.4351    15.9477  3.1088  7.0417
 1049   14   41    15.5437    15.9193  3.1088  7.0417
 1050   14   42    18.6523    15.8845  3.1088  7.0417
 1051   14   43    21.7609    15.8435  3.1088  7.0417
 1052   14   44    24.8693    15.7961  3.1088  7.0417
 1053   14   45    27.9777    15.7423  3.1088  7.0417
 1054   14   46    31.0859    15.6823  3.1088  7.0417
 1055   14   47    34.1940    15.6159  3.1088  7.0417
 1056   14   48    37.3019    15.5432  3.1088  7.0417
 1057   14   49    40.4097    15.4643  3.1088  7.0417
 1058   14   50    43.5173    15.3789  3.1088  7.0417
 1059   14   51    46.6248    15.2873  3.1088  7.0417
 1060   14   52    49.7321    15.1893  3.1088  7.0417
 1061   14   53    52.8391    15.0851  3.1088  7.0417
 1062   14   54    55.9459    14.9745  3.1088  7.0417
 1063   14   55    59.0525    14.8576  3.1088  7.0417
 1064   14   56    62.1589    14.7344  3.1088  7.0417
 1065   14   57    65.2650    14.6048  3.1088  7.0417
 1066   14   58    68.3708    14.4690  3.1088  7.0417
 1067   14   59    71.4764    14.3268  3.1088  7.0417
 1068   14   60    74.5816    14.1783  3.1088  7.0417
 1069   14   61    77.6866    14.0236  3.1088  7.0417
 1070   14   62    80.7912    13.8625  3.1088  7.0417
 1071   14   63    83.8955    13.6950  3.1088  7.0417
 1072   14   64    86.9994    13.5213  3.1088  7.0417
 1073   14   65    90.1030    13.3413  3.1088  7.0417
 1074   14   66    93.2062    13.1549  3.1088  7.0417
 1075   14   67    96.3091    12.9623  3.1088  7.0417
 1076   14   68    99.4115    12.7633  3.1088  7.0417
 1077   14   69   102.5135    12.5581  3.1088  7.0417
 1078   14   70   105.6151    12.3465  3.1088  7.0417
 1079   14   71   108.7163    12.1286  3.1088  7.0417
 1080   15    0  -112.3319    18.9272  3.1231  7.0417
 1081   15    1  -109.2169    19.1524  3.1231  7.0417
 1082   15    2  -106.1015    19.3713  3.1231  7.0417
 1083   15    3  -102.9856    19.5839  3.1231  7.0417
 1084   15    4   -99.8693    19.7901  3.1231  7.0417
 1085   15    5   -96.7526    19.9900  3.1231  7.0417
 1086   15    6   -93.6355    20.1835  3.1231  7.0417
 1087   15    7   -90.5180    20.3707  3.1231  7.0417
 1088   15    8   -87.4001    20.5516  3.1231  7.0417
 1089   15    9   -84.2818    20.7261  3.1231  7.0417
 1090   15   10   -81.1633    20.8943  3.1231  7.0417
 1091   15   11   -78.0443    21.0561  3.1231  7.0417
 1092   15   12   -74.9251    21.2116  3.1231  7.0417
 1093   15   13   -71.8055    21.3608  3.1231  7.0417
 1094   15   14   -68.6857    21.5036  3.1231  7.0417
 1095   15   15   -65.5656    21.6401  3.1231  7.0417
 1096   15   16   -62.4452    21.7702  3.1231  7.0417
 1097   15   17   -59.3245    21.8940  3.1231  7.0417
 1098   15   18   -56.2036    22.0114  3.1231  7.0417
 1099   15   19   -53.0824    22.1225  3.1231  7.0417
 1100   15   20   -49.9611    22.2273  3.1231  7.0417
 1101   15   21   -46.8395    22.3257  3.1231  7.0417
 1102   15   22   -43.7178    22.4177  3.1231  7.0417
 1103   15   23   -40.5958    22.5035  3.1231  7.0417
 1104   15   24   -37.4737    22.5828  3.1231  7.0417
 1105   15   25   -34.3514    22.6558  3.1231  7.0417
 1106   15   26   -31.2290    22.7225  3.1231  7.0417
 1107   15   27   -28.1065    22.7828  3.1231  7.0417
 1108   15   28   -24.9838    22.8368  3.1231  7.0417
 1109   15   29   -21.8611    22.8844  3.1231  7.0417
 1110   15   30   -18.7382    22.9257  3.1231  7.0417
 1111   15   31   -15.6153    22.9606  3.1231  7.0417
 1112   15   32   -12.4923    22.9892  3.1231  7.0417
 1113   15   33    -9.3693    23.0114  3.1231  7.0417
 1114   15   34    -6.2462    23.0273  3.1231  7.0417
 1115   15   35    -3.1231    23.0368  3.1231  7.0417
 1116   15   36     0.0000    23.0400  3.1231  7.0417
 1117   15   37     3.1231    23.0368  3.1231  7.0417
 1118   15   38     6.2462    23.0273  3.1231  7.0417
 1119   15   39     9.3693    23.0114  3.1231  7.0417
 1120   15   40    12.4923    22.9892  3.1231  7.0417
 1121   15   41    15.6153    22.9606  3.1231  7.0417
 1122   15   42    18.7382    22.9257  3.1231  7.0417
 1123   15   43    21.8611    22.8844  3.1231  7.0417
 1124   15   44    24.9838    22.8368  3.1231  7.0417
 1125   15   45    28.1065    22.7828  3.1231  7.0417
 1126   15   46    31.2290    22.7225  3.1231  7.0417
 1127   15   47    34.3514    22.6558  3.1231  7.0417
 1128   15   48    37.4737    22.5828  3.1231  7.0417
 1129   15   49    40.5958    22.5035  3.1231  7.0417
 1130   15   50    43.7178    22.4177  3.1231  7.0417
 1131   15   51    46.8395    22.3257  3.1231  7.0417
 1132   15   52    49.9611    22.2273  3.1231  7.0417
 1133   15   53    53.0824    22.1225  3.1231  7.0417
 1134   15   54    56.2036    22.0114  3.1231  7.0417
 1135   15   55    59.3245    21.8940  3.1231  7.0417
 1136   15   56    62.4452    21.7702  3.1231  7.0417
 1137   15   57    65.5656    21.6401  3.1231  7.0417
 1138   15   58    68.6857    21.5036  3.1231  7.0417
 1139   15   59    71.8055    21.3608  3.1231  7.0417
 1140   15   60    74.9251    21.2116  3.1231  7.0417
 1141   15   61    78.0443    21.0561  3.1231  7.0417
 1142   15   62    81.1633    20.8943  3.1231  7.0417
 1143   15   63    84.2818    20.7261  3.1231  7.0417
 1144   15   64    87.4001    20.5516  3.1231  7.0417
 1145   15   65    90.5180    20.3707  3.1231  7.0417
 1146   15   66    93.6355    20.1835  3.1231  7.0417
 1147   15   67    96.7526    19.9900  3.1231  7.0417
 1148   15   68    99.8693    19.7901  3.1231  7.0417
 1149   15   69   102.9856    19.5839  3.1231  7.0417
 1150   15   70   106.1015    19.3713  3.1231  7.0417
 1151   15   71   109.2169    19.1524  3.1231  7.0417
 1152   16    0  -112.8468    25.9500  3.1374  7.0417
 1153   16    1  -109.7176    26.1763  3.1374  7.0417
 1154   16    2  -106.5878    26.3962  3.1374  7.0417
 1155   16    3  -103.4577    26.6097  3.1374  7.0417
 1156   16    4  -100.3271    26.8169  3.1374  7.0417
 1157   16    5   -97.1961    27.0177  3.1374  7.0417
 1158   16    6   -94.0647    27.2121  3.1374  7.0417
 1159   16    7   -90.9329    27.4001  3.1374  7.0417
 1160   16    8   -87.8007    27.5818  3.1374  7.0417
 1161   16    9   -84.6682    27.7572  3.1374  7.0417
 1162   16   10   -81.5353    27.9261  3.1374  7.0417
 1163   16   11   -78.4021    28.0887  3.1374  7.0417
 1164   16   12   -75.2686    28.2449  3.1374  7.0417
 1165   16   13   -72.1347    28.3948  3.1374  7.0417
 1166   16   14   -69.0006    28.5382  3.1374  7.0417
 1167   16   15   -65.8661    28.6753  3.1374  7.0417
 1168   16   16   -62.7314    28.8061  3.1374  7.0417
 1169   16   17   -59.5964    28.9304  3.1374  7.0417
 1170   16   18   -56.4612    29.0484  3.1374  7.0417
 1171   16   19   -53.3258    29.1600  3.1374  7.0417
 1172   16   20   -50.1901    29.2652  3.1374  7.0417
 1173   16   21   -47.0542    29.3641  3.1374  7.0417
 1174   16   22   -43.9182    29.4566  3.1374  7.0417
 1175   16   23   -40.7819    29.5427  3.1374  7.0417
 1176   16   24   -37.6455    29.6224  3.1374  7.0417
 1177   16   25   -34.5089    29.6957  3.1374  7.0417
 1178   16   26   -31.3722    29.7627  3.1374  7.0417
 1179   16   27   -28.2353    29.8233  3.1374  7.0417
 1180   16   28   -25.0984    29.8775  3.1374  7.0417
 1181   16   29   -21.9613    29.9254  3.1374  7.0417
 1182   16   30   -18.8241    29.9668  3.1374  7.0417
 1183   16   31   -15.6869    30.0019  3.1374  7.0417
 1184   16   32   -12.5496    30.0306  3.1374  7.0417
 1185   16   33    -9.4122    30.0529  3.1374  7.0417
 1186   16   34    -6.2749    30.0689  3.1374  7.0417
 1187   16   35    -3.1374    30.0785  3.1374  7.0417
 1188   16   36     0.0000    30.0816  3.1374  7.0417
 1189   16   37     3.1374    30.0785  3.1374  7.0417
 1190   16   38     6.2749    30.0689  3.1374  7.0417
 1191   16   39     9.4122    30.0529  3.1374  7.0417
 1192   16   40    12.5496    30.0306  3.1374  7.0417
 1193   16   41    15.6869    30.0019  3.1374  7.0417
 1194   16   42    18.8241    29.9668  3.1374  7.0417
 1195   16   43    21.9613    29.9254  3.1374  7.0417
 1196   16   44    25.0984    29.8775  3.1374  7.0417
 1197   16   45    28.2353    29.8233  3.1374  7.0417
 1198   16   46    31.3722    29.7627  3.1374  7.0417
 1199   16   47    34.5089    29.6957  3.1374  7.0417
 1200   16   48    37.6455    29.6224  3.1374  7.0417
 1201   16   49    40.7819    29.5427  3.1374  7.0417
 1202   16   50    43.9182    29.4566  3.1374  7.0417
 1203   16   51    47.0542    29.3641  3.1374  7.0417
 1204   16   52    50.1901    29.2652  3.1374  7.0417
 1205   16   53    53.3258    29.1600  3.1374  7.0417
 1206   16   54    56.4612    29.0484  3.1374  7.0417
 1207   16   55    59.5964    28.9304  3.1374  7.0417
 1208   16   56    62.7314    28.8061  3.1374  7.0417
 1209   16   57    65.8661    28.6753  3.1374  7.0417
 1210   16   58    69.0006    28.5382  3.1374  7.0417
 1211   16   59    72.1347    28.3948  3.1374  7.0417
 1212   16   60    75.2686    28.2449  3.1374  7.0417
 1213   16   61    78.4021    28.0887  3.1374  7.0417
 1214   16   62    81.5353    27.9261  3.1374  7.0417
 1215   16   63    84.6682    27.7572  3.1374  7.0417
 1216   16   64    87.8007    27.5818  3.1374  7.0417
 1217   16   65    90.9329    27.4001  3.1374  7.0417
 1218   16   66    94.0647    27.2121  3.1374  7.0417
 1219   16   67    97.1961    27.0177  3.1374  7.0417
 1220   16   68   100.3271    26.8169  3.1374  7.0417
 1221   16   69   103.4577    26.6097  3.1374  7.0417
 1222   16   70   106.5878    26.3962  3.1374  7.0417
 1223   16   71   109.7176    26.1763  3.1374  7.0417
 1224   17    0  -113.3618    32.9729  3.1518  7.0417
 1225   17    1  -110.2182    33.2001  3.1518  7.0417
 1226   17    2  -107.0742    33.4210  3.1518  7.0417
 1227   17    3  -103.9298    33.6355  3.1518  7.0417
 1228   17    4  -100.7849    33.8436  3.1518  7.0417
 1229   17    5   -97.6396    34.0453  3.1518  7.0417
 1230   17    6   -94.4939    34.2407  3.1518  7.0417
 1231   17    7   -91.3478    34.4296  3.1518  7.0417
 1232   17    8   -88.2014    34.6121  3.1518  7.0417
 1233   17    9   -85.0546    34.7882  3.1518  7.0417
 1234   17   10   -81.9074    34.9580  3.1518  7.0417
 1235   17   11   -78.7599    35.1213  3.1518  7.0417
 1236   17   12   -75.6120    35.2782  3.1518  7.0417
 1237   17   13   -72.4639    35.4287  3.1518  7.0417
 1238   17   14   -69.3154    35.5729  3.1518  7.0417
 1239   17   15   -66.1667    35.7106  3.1518  7.0417
 1240   17   16   -63.0177    35.8419  3.1518  7.0417
 1241   17   17   -59.8684    35.9668  3.1518  7.0417
 1242   17   18   -56.7189    36.0853  3.1518  7.0417
 1243   17   19   -53.5691    36.1975  3.1518  7.0417
 1244   17   20   -50.4191    36.3032  3.1518  7.0417
 1245   17   21   -47.2689    36.4025  3.1518  7.0417
 1246   17   22   -44.1186    36.4954  3.1518  7.0417
 1247   17   23   -40.9680    36.5819  3.1518  7.0417
 1248   17   24   -37.8173    36.6620  3.1518  7.0417
 1249   17   25   -34.6664    36.7356  3.1518  7.0417
 1250   17   26   -31.5153    36.8029  3.1518  7.0417
 1251   17   27   -28.3642    36.8638  3.1518  7.0417
 1252   17   28   -25.2129    36.9183  3.1518  7.0417
 1253   17   29   -22.0615    36.9663  3.1518  7.0417
 1254   17   30   -18.9100    37.0080  3.1518  7.0417
 1255   17   31   -15.7585    37.0432  3.1518  7.0417
 1256   17   32   -12.6069    37.0720  3.1518  7.0417
 1257   17   33    -9.4552    37.0945  3.1518  7.0417
 1258   17   34    -6.3035    37.1105  3.1518  7.0417
 1259   17   35    -3.1517    37.1201  3.1518  7.0417
 1260   17   36     0.0000    37.1233  3.1518  7.0417
 1261   17   37     3.1517    37.1201  3.1518  7.0417
 1262   17   38     6.3035    37.1105  3.1518  7.0417
 1263   17   39     9.4552    37.0945  3.1518  7.0417
 1264   17   40    12.6069    37.0720  3.1518  7.0417
 1265   17   41    15.7585    37.0432  3.1518  7.0417
 1266   17   42    18.9100    37.0080  3.1518  7.0417
 1267   17   43    22.0615    36.9663  3.1518  7.0417
 1268   17   44    25.2129    36.9183  3.1518  7.0417
 1269   17   45    28.3642    36.8638  3.1518  7.0417
 1270   17   46    31.5153    36.8029  3.1518  7.0417
 1271   17   47    34.6664    36.7356  3.1518  7.0417
 1272   17   48    37.8173    36.6620  3.1518  7.0417
 1273   17   49    40.9680    36.5819  3.1518  7.0417
 1274   17   50    44.1186    36.4954  3.1518  7.0417
 1275   17   51    47.2689    36.4025  3.1518  7.0417
 1276   17   52    50.4191    36.3032  3.1518  7.0417
 1277   17   53    53.5691    36.1975  3.1518  7.0417
 1278   17   54    56.7189    36.0853  3.1518  7.0417
 1279   17   55    59.8684    35.9668  3.1518  7.0417
 1280   17   56    63.0177    35.8419  3.1518  7.0417
 1281   17   57    66.1667    35.7106  3.1518  7.0417
 1282   17   58    69.3154    35.5729  3.1518  7.0417
 1283   17   59    72.4639    35.4287  3.1518  7.0417
 1284   17   60    75.6120    35.2782  3.1518  7.0417
 1285   17   61    78.7599    35.1213  3.1518  7.0417
 1286   17   62    81.9074    34.9580  3.1518  7.0417
 1287   17   63    85.0546    34.7882  3.1518  7.0417
 1288   17   64    88.2014    34.6121  3.1518  7.0417
 1289   17   65    91.3478    34.4296  3.1518  7.0417
 1290   17   66    94.4939    34.2407  3.1518  7.0417
 1291   17   67    97.6396    34.0453  3.1518  7.0417
 1292   17   68   100.7849    33.8436  3.1518  7.0417
 1293   17   69   103.9298    33.6355  3.1518  7.0417
 1294   17   70   107.0742    33.4210  3.1518  7.0417
 1295   17   71   110.2182    33.2001  3.1518  7.0417
 1296   18    0  -113.8767    39.9957  3.1661  7.0417
 1297   18    1  -110.7189    40.2240  3.1661  7.0417
 1298   18    2  -107.5606    40.4459  3.1661  7.0417
 1299   18    3  -104.4019    40.6614  3.1661  7.0417
 1300   18    4  -101.2427    40.8704  3.1661  7.0417
 1301   18    5   -98.0831    41.0730  3.1661  7.0417
 1302   18    6   -94.9232    41.2692  3.1661  7.0417
 1303   18    7   -91.7628    41.4590  3.1661  7.0417
 1304   18    8   -88.6020    41.6424  3.1661  7.0417
 1305   18    9   -85.4409    41.8193  3.1661  7.0417
 1306   18   10   -82.2794    41.9898  3.1661  7.0417
 1307   18   11   -79.1176    42.1539  3.1661  7.0417
 1308   18   12   -75.9555    42.3115  3.1661  7.0417
 1309   18   13   -72.7930    42.4627  3.1661  7.0417
 1310   18   14   -69.6303    42.6075  3.1661  7.0417
 1311   18   15   -66.4672    42.7458  3.1661  7.0417
 1312   18   16   -63.3039    42.8778  3.1661  7.0417
 1313   18   17   -60.1403    43.0032  3.1661  7.0417
 1314   18   18   -56.9765    43.1223  3.1661  7.0417
 1315   18   19   -53.8124    43.2349  3.1661  7.0417
 1316   18   20   -50.6482    43.3411  3.1661  7.0417
 1317   18   21   -47.4837    43.4409  3.1661  7.0417
 1318   18   22   -44.3190    43.5342  3.1661  7.0417
 1319   18   23   -41.1541    43.6211  3.1661  7.0417
 1320   18   24   -37.9890    43.7015  3.1661  7.0417
 1321   18   25   -34.8238    43.7756  3.1661  7.0417
 1322   18   26   -31.6585    43.8431  3.1661  7.0417
 1323   18   27   -28.4930    43.9043  3.1661  7.0417
 1324   18   28   -25.3274    43.9590  3.1661  7.0417
 1325   18   29   -22.1617    44.0073  3.1661  7.0417
 1326   18   30   -18.9959    44.0491  3.1661  7.0417
 1327   18   31   -15.8301    44.0845  3.1661  7.0417
 1328   18   32   -12.6641    44.1135  3.1661  7.0417
 1329   18   33    -9.4981    44.1360  3.1661  7.0417
 1330   18   34    -6.3321    44.1521  3.1661  7.0417
 1331   18   35    -3.1661    44.1618  3.1661  7.0417
 1332   18   36     0.0000    44.1650  3.1661  7.0417
 1333   18   37     3.1661    44.1618  3.1661  7.0417
 1334   18   38     6.3321    44.1521  3.1661  7.0417
 1335   18   39     9.4981    44.1360  3.1661  7.0417
 1336   18   40    12.6641    44.1135  3.1661  7.0417
 1337   18   41    15.8301    44.0845  3.1661  7.0417
 1338   18   42    18.9959    44.0491  3.1661  7.0417
 1339   18   43    22.1617    44.0073  3.1661  7.0417
 1340   18   44    25.3274    43.9590  3.1661  7.0417
 1341   18   45    28.4930    43.9043  3.1661  7.0417
 1342   18   46    31.6585    43.8431  3.1661  7.0417
 1343   18   47    34.8238    43.7756  3.1661  7.0417
 1344   18   48    37.9890    43.7015  3.1661  7.0417
 1345   18   49    41.1541    43.6211  3.1661  7.0417
 1346   18   50    44.3190    43.5342  3.1661  7.0417
 1347   18   51    47.4837    43.4409  3.1661  7.0417
 1348   18   52    50.6482    43.3411  3.1661  7.0417
 1349   18   53    53.8124    43.2349  3.1661  7.0417
 1350   18   54    56.9765    43.1223  3.1661  7.0417
 1351   18   55    60.1403    43.0032  3.1661  7.0417
 1352   18   56    63.3039    42.8778  3.1661  7.0417
 1353   18   57    66.4672    42.7458  3.1661  7.0417
 1354   18   58    69.6303    42.6075  3.1661  7.0417
 1355   18   59    72.7930    42.4627  3.1661  7.0417
 1356   18   60    75.9555    42.3115  3.1661  7.0417
 1357   18   61    79.1176    42.1539  3.1661  7.0417
 1358   18   62    82.2794    41.9898  3.1661  7.0417
 1359   18   63    85.4409    41.8193  3.1661  7.0417
 1360   18   64    88.6020    41.6424  3.1661  7.0417
 1361   18   65    91.7628    41.4590  3.1661  7.0417
 1362   18   66    94.9232    41.2692  3.1661  7.0417
 1363   18   67    98.0831    41.0730  3.1661  7.0417
 1364   18   68   101.2427    40.8704  3.1661  7.0417
 1365   18   69   104.4019    40.6614  3.1661  7.0417
 1366   18   70   107.5606    40.4459  3.1661  7.0417
 1367   18   71   110.7189    40.2240  3.1661  7.0417
 1368   19    0  -114.3916    47.0185  3.1804  7.0417
 1369   19    1  -111.2195    47.2478  3.1804  7.0417
 1370   19    2  -108.0470    47.4707  3.1804  7.0417
 1371   19    3  -104.8740    47.6872  3.1804  7.0417
 1372   19    4  -101.7005    47.8972  3.1804  7.0417
 1373   19    5   -98.5267    48.1007  3.1804  7.0417
 1374   19    6   -95.3524    48.2978  3.1804  7.0417
 1375   19    7   -92.1777    48.4884  3.1804  7.0417
 1376   19    8   -89.0027    48.6726  3.1804  7.0417
 1377   19    9   -85.8273    48.8503  3.1804  7.0417
 1378   19   10   -82.6515    49.0216  3.1804  7.0417
 1379   19   11   -79.4754    49.1864  3.1804  7.0417
 1380   19   12   -76.2989    49.3448  3.1804  7.0417
 1381   19   13   -73.1222    49.4967  3.1804  7.0417
 1382   19   14   -69.9451    49.6421  3.1804  7.0417
 1383   19   15   -66.7678    49.7811  3.1804  7.0417
 1384   19   16   -63.5902    49.9136  3.1804  7.0417
 1385   19   17   -60.4123    50.0397  3.1804  7.0417
 1386   19   18   -57.2341    50.1593  3.1804  7.0417
 1387   19   19   -54.0558    50.2724  3.1804  7.0417
 1388   19   20   -50.8772    50.3791  3.1804  7.0417
 1389   19   21   -47.6984    50.4793  3.1804  7.0417
 1390   19   22   -44.5194    50.5730  3.1804  7.0417
 1391   19   23   -41.3402    50.6603  3.1804  7.0417
 1392   19   24   -38.1608    50.7411  3.1804  7.0417
 1393   19   25   -34.9813    50.8155  3.1804  7.0417
 1394   19   26   -31.8017    50.8833  3.1804  7.0417
 1395   19   27   -28.6219    50.9448  3.1804  7.0417
 1396   19   28   -25.4420    50.9997  3.1804  7.0417
 1397   19   29   -22.2619    51.0482  3.1804  7.0417
 1398   19   30   -19.0818    51.0903  3.1804  7.0417
 1399   19   31   -15.9016    51.1258  3.1804  7.0417
 1400   19   32   -12.7214    51.1549  3.1804  7.0417
 1401   19   33    -9.5411    51.1775  3.1804  7.0417
 1402   19   34    -6.3608    51.1937  3.1804  7.0417
 1403   19   35    -3.1804    51.2034  3.1804  7.0417
 1404   19   36     0.0000    51.2066  3.1804  7.0417
 1405   19   37     3.1804    51.2034  3.1804  7.0417
 1406   19   38     6.3608    51.1937  3.1804  7.0417
 1407   19   39     9.5411    51.1775  3.1804  7.0417
 1408   19   40    12.7214    51.1549  3.1804  7.0417
 1409   19   41    15.9016    51.1258  3.1804  7.0417
 1410   19   42    19.0818    51.0903  3.1804  7.0417
 1411   19   43    22.2619    51.0482  3.1804  7.0417
 1412   19   44    25.4420    50.9997  3.1804  7.0417
 1413   19   45    28.6219    50.9448  3.1804  7.0417
 1414   19   46    31.8017    50.8833  3.1804  7.0417
 1415   19   47    34.9813    50.8155  3.1804  7.0417
 1416   19   48    38.1608    50.7411  3.1804  7.0417
 1417   19   49    41.3402    50.6603  3.1804  7.0417
 1418   19   50    44.5194    50.5730  3.1804  7.0417
 1419   19   51    47.6984    50.4793  3.1804  7.0417
 1420   19   52    50.8772    50.3791  3.1804  7.0417
 1421   19   53    54.0558    50.2724  3.1804  7.0417
 1422   19   54    57.2341    50.1593  3.1804  7.0417
 1423   19   55    60.4123    50.0397  3.1804  7.0417
 1424   19   56    63.5902    49.9136  3.1804  7.0417
 1425   19   57    66.7678    49.7811  3.1804  7.0417
 1426   19   58    69.9451    49.6421  3.1804  7.0417
 1427   19   59    73.1222    49.4967  3.1804  7.0417
 1428   19   60    76.2989    49.3448  3.1804  7.0417
 1429   19   61    79.4754    49.1864  3.1804  7.0417
 1430   19   62    82.6515    49.0216  3.1804  7.0417
 1431   19   63    85.8273    48.8503  3.1804  7.0417
 1432   19   64    89.0027    48.6726  3.1804  7.0417
 1433   19   65    92.1777    48.4884  3.1804  7.0417
 1434   19   66    95.3524    48.2978  3.1804  7.0417
 1435   19   67    98.5267    48.1007  3.1804  7.0417
 1436   19   68   101.7005    47.8972  3.1804  7.0417
 1437   19   69   104.8740    47.6872  3.1804  7.0417
 1438   19   70   108.0470    47.4707  3.1804  7.0417
 1439   19   71   111.2195    47.2478  3.1804  7.0417
 1440   20    0  -114.9066    54.0413  3.1947  7.0417
 1441   20    1  -111.7202    54.2717  3.1947  7.0417
 1442   20    2  -108.5333    54.4956  3.1947  7.0417
 1443   20    3  -105.3461    54.7130  3.1947  7.0417
 1444   20    4  -102.1583    54.9239  3.1947  7.0417
 1445   20    5   -98.9702    55.1284  3.1947  7.0417
 1446   20    6   -95.7816    55.3264  3.1947  7.0417
 1447   20    7   -92.5927    55.5179  3.1947  7.0417
 1448   20    8   -89.4033    55.7029  3.1947  7.0417
 1449   20    9   -86.2136    55.8814  3.1947  7.0417
 1450   20   10   -83.0235    56.0534  3.1947  7.0417
 1451   20   11   -79.8331    56.2190  3.1947  7.0417
 1452   20   12   -76.6424    56.3781  3.1947  7.0417
 1453   20   13   -73.4513    56.5306  3.1947  7.0417
 1454   20   14   -70.2600    56.6767  3.1947  7.0417
 1455   20   15   -67.0683    56.8163  3.1947  7.0417
 1456   20   16   -63.8764    56.9494  3.1947  7.0417
 1457   20   17   -60.6842    57.0761  3.1947  7.0417
 1458   20   18   -57.4918    57.1962  3.1947  7.0417
 1459   20   19   -54.2991    57.3098  3.1947  7.0417
 1460   20   20   -51.1062    57.4170  3.1947  7.0417
 1461   20   21   -47.9131    57.5177  3.1947  7.0417
 1462   20   22   -44.7198    57.6118  3.1947  7.0417
 1463   20   23   -41.5263    57.6995  3.1947  7.0417
 1464   20   24   -38.3326    57.7807  3.1947  7.0417
 1465   20   25   -35.1388    57.8554  3.1947  7.0417
 1466   20   26   -31.9448    57.9236  3.1947  7.0417
 1467   20   27   -28.7507    57.9853  3.1947  7.0417
 1468   20   28   -25.5565    58.0405  3.1947  7.0417
 1469   20   29   -22.3622    58.0892  3.1947  7.0417
 1470   20   30   -19.1677    58.1314  3.1947  7.0417
 1471   20   31   -15.9732    58.1671  3.1947  7.0417
 1472   20   32   -12.7787    58.1963  3.1947  7.0417
 1473   20   33    -9.5840    58.2191  3.1947  7.0417
 1474   20   34    -6.3894    58.2353  3.1947  7.0417
 1475   20   35    -3.1947    58.2451  3.1947  7.0417
 1476   20   36     0.0000    58.2483  3.1947  7.0417
 1477   20   37     3.1947    58.2451  3.1947  7.0417
 1478   20   38     6.3894    58.2353  3.1947  7.0417
 1479   20   39     9.5840    58.2191  3.1947  7.0417
 1480   20   40    12.7787    58.1963  3.1947  7.0417
 1481   20   41    15.9732    58.1671  3.1947  7.0417
 1482   20   42    19.1677    58.1314  3.1947  7.0417
 1483   20   43    22.3622    58.0892  3.1947  7.0417
 1484   20   44    25.5565    58.0405  3.1947  7.0417
 1485   20   45    28.7507    57.9853  3.1947  7.0417
 1486   20   46    31.9448    57.9236  3.1947  7.0417
 1487   20   47    35.1388    57.8554  3.1947  7.0417
 1488   20   48    38.3326    57.7807  3.1947  7.0417
 1489   20   49    41.5263    57.6995  3.1947  7.0417
 1490   20   50    44.7198    57.6118  3.1947  7.0417
 1491   20   51    47.9131    57.5177  3.1947  7.0417
 1492   20   52    51.1062    57.4170  3.1947  7.0417
 1493   20   53    54.2991    57.3098  3.1947  7.0417
 1494   20   54    57.4918    57.1962  3.1947  7.0417
 1495   20   55    60.6842    57.0761  3.1947  7.0417
 1496   20   56    63.8764    56.9494  3.1947  7.0417
 1497   20   57    67.0683    56.8163  3.1947  7.0417
 1498   20   58    70.2600    56.6767  3.1947  7.0417
 1499   20   59    73.4513    56.5306  3.1947  7.0417
 1500   20   60    76.6424    56.3781  3.1947  7.0417
 1501   20   61    79.8331    56.2190  3.1947  7.0417
 1502   20   62    83.0235    56.0534  3.1947  7.0417
 1503   20   63    86.2136    55.8814  3.1947  7.0417
 1504   20   64    89.4033    55.7029  3.1947  7.0417
 1505   20   65    92.5927    55.5179  3.1947  7.0417
 1506   20   66    95.7816    55.3264  3.1947  7.0417
 1507   20   67    98.9702    55.1284  3.1947  7.0417
 1508   20   68   102.1583    54.9239  3.1947  7.0417
 1509   20   69   105.3461    54.7130  3.1947  7.0417
 1510   20   70   108.5333    54.4956  3.1947  7.0417
 1511   20   71   111.7202    54.2717  3.1947  7.0417
 1512   21    0  -115.4215    61.0641  3.2090  7.0417
 1513   21    1  -112.2208    61.2955  3.2090  7.0417
 1514   21    2  -109.0197    61.5204  3.2090  7.0417
 1515   21    3  -105.8181    61.7388  3.2090  7.0417
 1516   21    4  -102.6161    61.9507  3.2090  7.0417
 1517   21    5   -99.4137    62.1561  3.2090  7.0417
 1518   21    6   -96.2108    62.3549  3.2090  7.0417
 1519   21    7   -93.0076    62.5473  3.2090  7.0417
 1520   21    8   -89.8040    62.7331  3.2090  7.0417
 1521   21    9   -86.6000    62.9125  3.2090  7.0417
 1522   21   10   -83.3956    63.0853  3.2090  7.0417
 1523   21   11   -80.1909    63.2516  3.2090  7.0417
 1524   21   12   -76.9859    63.4113  3.2090  7.0417
 1525   21   13   -73.7805    63.5646  3.2090  7.0417
 1526   21   14   -70.5748    63.7114  3.2090  7.0417
 1527   21   15   -67.3689    63.8516  3.2090  7.0417
 1528   21   16   -64.1627    63.9853  3.2090  7.0417
 1529   21   17   -60.9562    64.1125  3.2090  7.0417
 1530   21   18   -57.7494    64.2332  3.2090  7.0417
 1531   21   19   -54.5424    64.3473  3.2090  7.0417
 1532   21   20   -51.3352    64.4549  3.2090  7.0417
 1533   21   21   -48.1278    64.5560  3.2090  7.0417
 1534   21   22   -44.9202    64.6506  3.2090  7.0417
 1535   21   23   -41.7124    64.7387  3.2090  7.0417
 1536   21   24   -38.5044    64.8202  3.2090  7.0417
 1537   21   25   -35.2962    64.8953  3.2090  7.0417
 1538   21   26   -32.0880    64.9638  3.2090  7.0417
 1539   21   27   -28.8795    65.0257  3.2090  7.0417
 1540   21   28   -25.6710    65.0812  3.2090  7.0417
 1541   21   29   -22.4624    65.1301  3.2090  7.0417
 1542   21   30   -19.2536    65.1725  3.2090  7.0417
 1543   21   31   -16.0448    65.2084  3.2090  7.0417
 1544   21   32   -12.8359    65.2378  3.2090  7.0417
 1545   21   33    -9.6270    65.2606  3.2090  7.0417
 1546   21   34    -6.4180    65.2769  3.2090  7.0417
 1547   21   35    -3.2090    65.2867  3.2090  7.0417
 1548   21   36     0.0000    65.2900  3.2090  7.0417
 1549   21   37     3.2090    65.2867  3.2090  7.0417
 1550   21   38     6.4180    65.2769  3.2090  7.0417
 1551   21   39     9.6270    65.2606  3.2090  7.0417
 1552   21   40    12.8359    65.2378  3.2090  7.0417
 1553   21   41    16.0448    65.2084  3.2090  7.0417
 1554   21   42    19.2536    65.1725  3.2090  7.0417
 1555   21   43    22.4624    65.1301  3.2090  7.0417
 1556   21   44    25.6710    65.0812  3.2090  7.0417
 1557   21   45    28.8795    65.0257  3.2090  7.0417
 1558   21   46    32.0880    64.9638  3.2090  7.0417
 1559   21   47    35.2962    64.8953  3.2090  7.0417
 1560   21   48    38.5044    64.8202  3.2090  7.0417
 1561   21   49    41.7124    64.7387  3.2090  7.0417
 1562   21   50    44.9202    64.6506  3.2090  7.0417
 1563   21   51    48.1278    64.5560  3.2090  7.0417
 1564   21   52    51.3352    64.4549  3.2090  7.0417
 1565   21   53    54.5424    64.3473  3.2090  7.0417
 1566   21   54    57.7494    64.2332  3.2090  7.0417
 1567   21   55    60.9562    64.1125  3.2090  7.0417
 1568   21   56    64.1627    63.9853  3.2090  7.0417
 1569   21   57    67.3689    63.8516  3.2090  7.0417
 1570   21   58    70.5748    63.7114  3.2090  7.0417
 1571   21   59    73.7805    63.5646  3.2090  7.0417
 1572   21   60    76.9859    63.4113  3.2090  7.0417
 1573   21   61    80.1909    63.2516  3.2090  7.0417
 1574   21   62    83.3956    63.0853  3.2090  7.0417
 1575   21   63    86.6000    62.9125  3.2090  7.0417
 1576   21   64    89.8040    62.7331  3.2090  7.0417
 1577   21   65    93.0076    62.5473  3.2090  7.0417
 1578   21   66    96.2108    62.3549  3.2090  7.0417
 1579   21   67    99.4137    62.1561  3.2090  7.0417
 1580   21   68   102.6161    61.9507  3.2090  7.0417
 1581   21   69   105.8181    61.7388  3.2090  7.0417
 1582   21   70   109.0197    61.5204  3.2090  7.0417
 1583   21   71   112.2208    61.2955  3.2090  7.0417
 1584   22    0  -115.9364    68.0869  3.2233  7.0417
 1585   22    1  -112.7215    68.3194  3.2233  7.0417
 1586   22    2  -109.5061    68.5453  3.2233  7.0417
 1587   22    3  -106.2902    68.7646  3.2233  7.0417
 1588   22    4  -103.0739    68.9775  3.2233  7.0417
 1589   22    5   -99.8572    69.1838  3.2233  7.0417
 1590   22    6   -96.6401    69.3835  3.2233  7.0417
 1591   22    7   -93.4225    69.5767  3.2233  7.0417
 1592   22    8   -90.2046    69.7634  3.2233  7.0417
 1593   22    9   -86.9863    69.9435  3.2233  7.0417
 1594   22   10   -83.7677    70.1171  3.2233  7.0417
 1595   22   11   -80.5487    70.2841  3.2233  7.0417
 1596   22   12   -77.3293    70.4446  3.2233  7.0417
 1597   22   13   -74.1097    70.5986  3.2233  7.0417
 1598   22   14   -70.8897    70.7460  3.2233  7.0417
 1599   22   15   -67.6694    70.8868  3.2233  7.0417
 1600   22   16   -64.4489    71.0211  3.2233  7.0417
 1601   22   17   -61.2281    71.1489  3.2233  7.0417
 1602   22   18   -58.0071    71.2701  3.2233  7.0417
 1603   22   19   -54.7858    71.3848  3.2233  7.0417
 1604   22   20   -51.5642    71.4929  3.2233  7.0417
 1605   22   21   -48.3425    71.5944  3.2233  7.0417
 1606   22   22   -45.1206    71.6894  3.2233  7.0417
 1607   22   23   -41.8985    71.7779  3.2233  7.0417
 1608   22   24   -38.6762    71.8598  3.2233  7.0417
 1609   22   25   -35.4537    71.9352  3.2233  7.0417
 1610   22   26   -32.2311    72.0040  3.2233  7.0417
 1611   22   27   -29.0084    72.0662  3.2233  7.0417
 1612   22   28   -25.7855    72.1219  3.2233  7.0417
 1613   22   29   -22.5626    72.1711  3.2233  7.0417
 1614   22   30   -19.3395    72.2137  3.2233  7.0417
 1615   22   31   -16.1164    72.2497  3.2233  7.0417
 1616   22   32   -12.8932    72.2792  3.2233  7.0417
 1617   22   33    -9.6699    72.3021  3.2233  7.0417
 1618   22   34    -6.4466    72.3185  3.2233  7.0417
 1619   22   35    -3.2233    72.3284  3.2233  7.0417
 1620   22   36     0.0000    72.3316  3.2233  7.0417
 1621   22   37     3.2233    72.3284  3.2233  7.0417
 1622   22   38     6.4466    72.3185  3.2233  7.0417
 1623   22   39     9.6699    72.3021  3.2233  7.0417
 1624   22   40    12.8932    72.2792  3.2233  7.0417
 1625   22   41    16.1164    72.2497  3.2233  7.0417
 1626   22   42    19.3395    72.2137  3.2233  7.0417
 1627   22   43    22.5626    72.1711  3.2233  7.0417
 1628   22   44    25.7855    72.1219  3.2233  7.0417
 1629   22   45    29.0084    72.0662  3.2233  7.0417
 1630   22   46    32.2311    72.0040  3.2233  7.0417
 1631   22   47    35.4537    71.9352  3.2233  7.0417
 1632   22   48    38.6762    71.8598  3.2233  7.0417
 1633   22   49    41.8985    71.7779  3.2233  7.0417
 1634   22   50    45.1206    71.6894  3.2233  7.0417
 1635   22   51    48.3425    71.5944  3.2233  7.0417
 1636   22   52    51.5642    71.4929  3.2233  7.0417
 1637   22   53    54.7858    71.3848  3.2233  7.0417
 1638   22   54    58.0071    71.2701  3.2233  7.0417
 1639   22   55    61.2281    71.1489  3.2233  7.0417
 1640   22   56    64.4489    71.0211  3.2233  7.0417
 1641   22   57    67.6694    70.8868  3.2233  7.0417
 1642   22   58    70.8897    70.7460  3.2233  7.0417
 1643   22   59    74.1097    70.5986  3.2233  7.0417
 1644   22   60    77.3293    70.4446  3.2233  7.0417
 1645   22   61    80.5487    70.2841  3.2233  7.0417
 1646   22   62    83.7677    70.1171  3.2233  7.0417
 1647   22   63    86.9863    69.9435  3.2233  7.0417
 1648   22   64    90.2046    69.7634  3.2233  7.0417
 1649   22   65    93.4225    69.5767  3.2233  7.0417
 1650   22   66    96.6401    69.3835  3.2233  7.0417
 1651   22   67    99.8572    69.1838  3.2233  7.0417
 1652   22   68   103.0739    68.9775  3.2233  7.0417
 1653   22   69   106.2902    68.7646  3.2233  7.0417
 1654   22   70   109.5061    68.5453  3.2233  7.0417
 1655   22   71   112.7215    68.3194  3.2233  7.0417
 1656   23    0  -116.4514    75.1097  3.2376  7.0417
 1657   23    1  -113.2222    75.3432  3.2376  7.0417
 1658   23    2  -109.9925    75.5701  3.2376  7.0417
 1659   23    3  -106.7623    75.7905  3.2376  7.0417
 1660   23    4  -103.5317    76.0042  3.2376  7.0417
 1661   23    5  -100.3007    76.2115  3.2376  7.0417
 1662   23    6   -97.0693    76.4121  3.2376  7.0417
 1663   23    7   -93.8375    76.6062  3.2376  7.0417
 1664   23    8   -90.6053    76.7937  3.2376  7.0417
 1665   23    9   -87.3727    76.9746  3.2376  7.0417
 1666   23   10   -84.1397    77.1489  3.2376  7.0417
 1667   23   11   -80.9064    77.3167  3.2376  7.0417
 1668   23   12   -77.6728    77.4779  3.2376  7.0417
 1669   23   13   -74.4388    77.6325  3.2376  7.0417
 1670   23   14   -71.2046    77.7806  3.2376  7.0417
 1671   23   15   -67.9700    77.9221  3.2376  7.0417
 1672   23   16   -64.7352    78.0570  3.2376  7.0417
 1673   23   17   -61.5001    78.1853  3.2376  7.0417
 1674   23   18   -58.2647    78.3071  3.2376  7.0417
 1675   23   19   -55.0291    78.4222  3.2376  7.0417
 1676   23   20   -51.7933    78.5308  3.2376  7.0417
 1677   23   21   -48.5572    78.6328  3.2376  7.0417
 1678   23   22   -45.3210    78.7283  3.2376  7.0417
 1679   23   23   -42.0846    78.8171  3.2376  7.0417
 1680   23   24   -38.8480    78.8994  3.2376  7.0417
 1681   23   25   -35.6112    78.9751  3.2376  7.0417
 1682   23   26   -32.3743    79.0442  3.2376  7.0417
 1683   23   27   -29.1372    79.1067  3.2376  7.0417
 1684   23   28   -25.9001    79.1627  3.2376  7.0417
 1685   23   29   -22.6628    79.2120  3.2376  7.0417
 1686   23   30   -19.4254    79.2548  3.2376  7.0417
 1687   23   31   -16.1880    79.2910  3.2376  7.0417
 1688   23   32   -12.9505    79.3206  3.2376  7.0417
 1689   23   33    -9.7129    79.3437  3.2376  7.0417
 1690   23   34    -6.4753    79.3601  3.2376  7.0417
 1691   23   35    -3.2376    79.3700  3.2376  7.0417
 1692   23   36     0.0000    79.3733  3.2376  7.0417
 1693   23   37     3.2376    79.3700  3.2376  7.0417
 1694   23   38     6.4753    79.3601  3.2376  7.0417
 1695   23   39     9.7129    79.3437  3.2376  7.0417
 1696   23   40    12.9505    79.3206  3.2376  7.0417
 1697   23   41    16.1880    79.2910  3.2376  7.0417
 1698   23   42    19.4254    79.2548  3.2376  7.0417
 1699   23   43    22.6628    79.2120  3.2376  7.0417
 1700   23   44    25.9001    79.1627  3.2376  7.0417
 1701   23   45    29.1372    79.1067  3.2376  7.0417
 1702   23   46    32.3743    79.0442  3.2376  7.0417
 1703   23   47    35.6112    78.9751  3.2376  7.0417
 1704   23   48    38.8480    78.8994  3.2376  7.0417
 1705   23   49    42.0846    78.8171  3.2376  7.0417
 1706   23   50    45.3210    78.7283  3.2376  7.0417
 1707   23   51    48.5572    78.6328  3.2376  7.0417
 1708   23   52    51.7933    78.5308  3.2376  7.0417
 1709   23   53    55.0291    78.4222  3.2376  7.0417
 1710   23   54    58.2647    78.3071  3.2376  7.0417
 1711   23   55    61.5001    78.1853  3.2376  7.0417
 1712   23   56    64.7352    78.0570  3.2376  7.0417
 1713   23   57    67.9700    77.9221  3.2376  7.0417
 1714   23   58    71.2046    77.7806  3.2376  7.0417
 1715   23   59    74.4388    77.6325  3.2376  7.0417
 1716   23   60    77.6728    77.4779  3.2376  7.0417
 1717   23   61    80.9064    77.3167  3.2376  7.0417
 1718   23   62    84.1397    77.1489  3.2376  7.0417
 1719   23   63    87.3727    76.9746  3.2376  7.0417
 1720   23   64    90.6053    76.7937  3.2376  7.0417
 1721   23   65    93.8375    76.6062  3.2376  7.0417
 1722   23   66    97.0693    76.4121  3.2376  7.0417
 1723   23   67   100.3007    76.2115  3.2376  7.0417
 1724   23   68   103.5317    76.0042  3.2376  7.0417
 1725   23   69   106.7623    75.7905  3.2376  7.0417
 1726   23   70   109.9925    75.5701  3.2376  7.0417
 1727   23   71   113.2222    75.3432  3.2376  7.0417
